-1,82334
-3,01684
-3,03157
-3,16989
-3,02673
-3,02554
-3,17842
-3,17823
-3,06478
-2,98196
-3,02614
-3,18768
-3,02806
-3,01579
-3,07159
-3,02529
-3,06172
-3,18189
-2,95952
-3,17533
-3,07608
-3,16627
-4,21445
-3,17114
-2,96805
-3,14355
-3,02784
-3,18428
-3,17963
-3,18501
-2,90685
-3,11077
-3,21414
-3,18071
-3,02208
-2,11962
-3,02033
-3,02166
-3,03863
-3,17196
-3,17321
-3,17129
-3,02390
-3,16532
-3,17565
-3,17185
-2,46552
-3,02285
-2,00708
-3,17501
-3,02619
-3,02802
-3,01779
-3,07708
-3,17990
-3,03509
-3,02656
-3,17527
-3,02561
-3,06223
-3,02542
-3,18694
-3,18107
-2,89281
-3,03235
-3,18241
-3,18060
-3,17400
-3,19791
-3,16398
-3,17636
-3,18819
-3,02146
-3,03257
-2,42953
-3,08575
-3,17745
-3,36396
-3,20610
-3,18089
-3,06071
-3,02751
-3,17678
-2,96013
-3,02286
-3,18240
-3,03216
-3,01483
-3,18184
-3,16952
-2,92949
-3,18461
-3,10835
-3,17829
-3,18714
-2,01994
-3,02538
-3,10163
-3,02550
-3,20326
