0,39604
0,01304
0,01231
0,01258
0,01251
0,01257
0,01147
0,01170
0,00225
0,00346
0,01271
0,00453
0,01254
0,01329
0,00936
0,01266
0,00208
0,00441
0,01347
0,01259
0,02144
0,04005
0,00468
0,05270
0,01314
0,03094
0,00365
0,01140
0,01184
0,01137
0,01379
0,02340
0,05179
0,00419
0,01323
0,00303
0,01333
0,01314
0,01173
0,01244
0,01255
0,01281
0,01306
0,01243
0,01160
0,01234
0,03859
0,01307
0,00304
0,01189
0,01258
0,01269
0,01315
0,08330
0,01481
0,01272
0,01267
0,00441
0,01281
0,11798
0,01288
0,01121
0,01126
0,00396
0,00338
0,01187
0,01205
0,01393
0,00456
0,01358
0,00448
0,01134
0,01360
0,00376
0,49632
0,00320
0,00407
0,09391
0,02337
0,01177
0,06413
0,01283
0,01180
0,01216
0,01284
0,01144
0,01228
0,01264
0,01051
0,01216
0,01383
0,01153
0,02173
0,01206
0,00463
0,01188
0,01269
0,00456
0,01402
0,01234
