0,54942
-3,69595
-3,87329
-7,74805
-3,87196
-3,74931
-7,74766
-7,74481
-3,81251
-3,68422
-3,87076
-7,74412
-3,87159
-3,86315
-3,89793
-3,87227
-3,79609
-7,74618
0,00024
-7,74945
-4,58589
-5,07218
-1,63207
-4,85232
0,00464
-4,06252
-3,87536
-7,74487
-7,74415
-7,74127
-3,48457
-3,92504
-5,63809
-7,75101
-3,86184
-7,35960
-3,85753
-3,63281
-3,84546
-7,75006
-7,74892
-7,75122
-3,87526
-7,73090
-7,74885
-7,74511
1,22936
-3,86812
-7,34619
-7,74673
-3,87176
-3,87105
-3,87105
-2,04735
-7,74323
-3,86948
-3,87018
-7,75105
-3,87304
-1,07818
-3,87341
-7,74975
-7,74252
-6,31218
-3,87115
-7,74960
-7,74964
-7,27370
-7,74753
-7,74873
-7,74570
-7,74803
-3,86901
-3,87327
-4,17989
-7,24175
-7,74932
-4,21643
-7,29708
-7,74714
-2,69012
-3,87086
-7,74524
-3,87155
-3,83070
-7,75049
-3,87225
-3,47517
-7,74950
-7,74682
-3,39504
-7,74724
-4,22982
-7,74989
-7,74883
-7,36159
-3,87178
-7,35717
-3,87185
-7,34430
