0,94145
0,86108
0,85619
0,81080
0,85772
0,85901
0,80892
0,81022
0,84035
0,84590
0,85680
0,80963
0,85746
0,85723
0,85988
0,85629
0,85145
0,80907
0,89830
0,81761
0,86750
0,88374
0,81936
0,91214
0,89763
0,88089
0,85732
0,80990
0,80942
0,80915
0,86793
0,87281
0,89388
0,80873
0,85799
0,82958
0,85864
0,86238
0,85593
0,81157
0,81064
0,81154
0,85803
0,81826
0,80967
0,81123
0,69296
0,85753
0,82673
0,80942
0,85779
0,85774
0,85993
0,96671
0,81267
0,85715
0,85745
0,81513
0,85702
1,01042
0,85853
0,81246
0,80829
0,77964
0,85706
0,81217
0,80750
0,82610
0,80732
0,81207
0,80727
0,80895
0,85602
0,85597
0,82060
0,81289
0,80890
0,94603
0,86665
0,81145
0,94504
0,85650
0,80914
0,85223
0,85847
0,81186
0,85667
0,87997
0,80874
0,81014
0,87661
0,81052
0,87532
0,81040
0,81007
0,82270
0,85660
0,83162
0,85914
0,82034
