-7,75110
-7,75141
-7,75072
-7,75077
-7,74885
-7,75109
-7,74995
-7,72933
-7,74966
-7,74546
-7,75227
-7,75185
-7,75128
-7,74989
-7,75188
-7,75029
-7,74981
-7,74908
-7,75151
-7,75150
-7,75136
-7,75079
-7,75213
-7,75114
-7,75140
-7,75228
-7,74839
-7,75181
-7,75195
-7,75213
-7,75158
-7,75039
-7,74829
-7,73856
-7,75177
-7,75227
-7,75120
-7,75172
-7,75047
-7,75029
-7,74819
-7,74938
-7,75010
-7,73212
-7,75188
-7,75140
-7,74481
-7,75094
-7,75172
-7,75000
-7,75200
-7,75093
-7,75134
-7,75017
-7,75137
-7,75120
-7,75192
-7,75227
-7,75164
-7,75081
-7,75134
-7,75034
-7,74315
-7,75147
-7,75205
-7,75108
-7,75152
-7,74898
-7,74796
-7,74973
-7,75040
-7,71674
-7,74979
-7,74920
-7,75220
-7,74958
-7,75099
-7,75035
-7,75173
-7,75075
-7,75063
-7,74990
-7,74995
-7,75155
-7,75037
-7,75052
-7,74746
-7,74458
-7,75108
-7,74529
-7,74928
-7,75178
-7,75101
-7,74531
-7,75167
-7,75076
-7,74956
-7,75176
-7,75021
-7,75079
