-3,14369
-3,14759
-3,14530
-3,14129
-3,13926
-3,14447
-3,14872
-3,14559
-3,14147
-3,14646
-3,14251
-3,14686
-3,14863
-3,14149
-3,14685
-3,14157
-3,14191
-3,15246
-3,14796
-3,13931
-3,14717
-3,14532
-3,14801
-3,13743
-3,14255
-3,15565
-3,14948
-3,14633
-3,15007
-3,14349
-3,14642
-3,14066
-3,14585
-3,14881
-3,13929
-3,16072
-3,14465
-3,14974
-3,14231
-3,14396
-3,14460
-3,14519
-3,14361
-3,14663
-3,15513
-3,14090
-3,14546
-3,14743
-3,15260
-3,14127
-3,15256
-3,14345
-3,14512
-3,13899
-3,14268
-3,14886
-3,14540
-3,15040
-3,14065
-3,14138
-3,16376
-3,15177
-3,14336
-3,14774
-3,16118
-3,14577
-3,15358
-3,14412
-3,14206
-3,14411
-3,14936
-3,14385
-3,14839
-3,14722
-3,15941
-3,14232
-3,14931
-3,14282
-3,14052
-3,14011
-3,14317
-3,14445
-3,13976
-3,14959
-3,14376
-3,14325
-3,14244
-3,14014
-3,14791
-3,14389
-3,14053
-3,15068
-3,14767
-3,14944
-3,14905
-3,13958
-3,14060
-3,15488
-3,14003
-3,14322
