0,81478
0,82406
0,82821
0,81076
0,81044
0,81748
0,81803
0,81176
0,81413
0,81337
0,82509
0,81704
0,82018
0,81972
0,81452
0,81652
0,82104
0,81938
0,81767
0,81393
0,82187
0,81479
0,81542
0,80953
0,81982
0,81499
0,81638
0,82390
0,82119
0,81968
0,81899
0,82226
0,81891
0,82396
0,81596
0,81386
0,81056
0,82324
0,81477
0,81323
0,81689
0,82154
0,81466
0,81647
0,82078
0,81439
0,81971
0,82938
0,81883
0,80979
0,82214
0,82205
0,82231
0,81800
0,81672
0,81695
0,80754
0,81700
0,80714
0,81686
0,81498
0,81084
0,82706
0,81318
0,81162
0,81818
0,81352
0,81862
0,81801
0,82116
0,81433
0,81895
0,81407
0,81749
0,81492
0,81379
0,81582
0,80919
0,81462
0,81371
0,81253
0,82107
0,80721
0,81029
0,81420
0,80663
0,81773
0,81826
0,81556
0,82486
0,81812
0,81420
0,81242
0,82317
0,81887
0,82146
0,81261
0,83073
0,81625
0,82108
