0,00565
0,00628
0,00785
0,01667
0,00602
0,01598
0,00678
0,01697
0,00712
0,01579
0,00653
0,00575
0,01817
0,01704
0,00620
0,00794
0,01487
0,00571
0,01589
0,01466
0,00681
0,00671
0,00636
0,01556
0,01583
0,00689
0,00584
0,00626
0,00756
0,00693
0,01687
0,01615
0,00686
0,01529
0,01654
0,00614
0,01493
0,00693
0,01541
0,00603
0,01650
0,00644
0,01513
0,01534
0,00652
0,01536
0,01536
0,01724
0,00584
0,00578
0,01596
0,00655
0,01570
0,01597
0,01732
0,00627
0,00714
0,00630
0,01575
0,00654
0,00614
0,01526
0,01647
0,00608
0,00752
0,01576
0,01497
0,01591
0,01927
0,00700
0,00682
0,01689
0,01564
0,00625
0,00644
0,01502
0,00616
0,01617
0,01562
0,01695
0,01566
0,00585
0,00594
0,00605
0,00731
0,01673
0,00682
0,00674
0,00637
0,01867
0,01548
0,00665
0,00704
0,00682
0,00705
0,01574
0,01531
0,00713
0,00614
0,01659
