0,85343
0,85266
0,85393
0,85643
0,85209
0,86464
0,85186
0,84857
0,86796
0,84832
0,86481
0,85701
0,85840
0,86265
0,85383
0,86717
0,86220
0,85477
0,86379
0,85652
0,85927
0,86167
0,85045
0,85660
0,84696
0,86176
0,85215
0,84969
0,85177
0,86692
0,85297
0,84824
0,84994
0,85877
0,85342
0,86100
0,85163
0,85606
0,85799
0,85730
0,86134
0,85711
0,85822
0,86277
0,84282
0,85087
0,85031
0,85036
0,84241
0,86351
0,85552
0,85870
0,85341
0,84760
0,85182
0,85955
0,85723
0,85015
0,84395
0,85559
0,86949
0,84817
0,85777
0,85470
0,85282
0,85570
0,86178
0,85378
0,85450
0,85351
0,84691
0,85929
0,84742
0,85390
0,85164
0,85347
0,85586
0,85446
0,85722
0,86496
0,85348
0,85550
0,85493
0,84307
0,85912
0,85411
0,84986
0,85056
0,85354
0,85597
0,85355
0,84239
0,85618
0,85166
0,85937
0,84632
0,84911
0,85216
0,85600
0,86534
