-7,73178
-7,75212
-7,75014
-7,75102
-7,74926
-7,74433
-7,73456
-7,74877
-7,74262
-7,74987
-7,75162
-7,74819
-7,74799
-7,75096
-7,73639
-7,73771
-7,75030
-7,74973
-7,74991
-7,74243
-7,75171
-7,73227
-7,75020
-7,75006
-7,75173
-7,72505
-7,74744
-7,74758
-7,74140
-7,74693
-7,75019
-7,74975
-7,75052
-7,75010
-7,75195
-7,74811
-7,74836
-7,75186
-7,75056
-7,73816
-7,74398
-7,74935
-7,74653
-7,74990
-7,74877
-7,75115
-7,74669
-7,75018
-7,75096
-7,74480
-7,74603
-7,75166
-7,74934
-7,74128
-7,75078
-7,75213
-7,74970
-7,75028
-7,74946
-7,74540
-7,74518
-7,72281
-7,74995
-7,70461
-7,74602
-7,73360
-7,75188
-7,74883
-7,73589
-7,75035
-7,74309
-7,74963
-7,75203
-7,75063
-7,75010
-7,73588
-7,75170
-7,70069
-7,74454
-7,74457
-7,74867
-7,75026
-7,74831
-7,75093
-7,74761
-7,74244
-7,75164
-7,74868
-7,74797
-7,72305
-7,74666
-7,67759
-7,73113
-7,74331
-7,75159
-7,75128
-7,74344
-7,74941
-7,74470
-7,75216
