0,01279
0,01293
0,01852
0,01339
0,01892
0,01292
0,01858
0,01944
0,01281
0,01873
0,01908
0,01394
0,01877
0,01488
0,01177
0,01349
0,02127
0,02012
0,01248
0,01296
0,02186
0,02041
0,01806
0,01944
0,01254
0,02004
0,01127
0,01953
0,01186
0,01963
0,01345
0,01390
0,01266
0,01287
0,02206
0,01413
0,01229
0,01096
0,01278
0,02114
0,01224
0,01301
0,01979
0,01424
0,01232
0,01168
0,01930
0,01813
0,01092
0,01326
0,02157
0,01284
0,01158
0,01966
0,01878
0,01102
0,01801
0,01878
0,01155
0,01938
0,01331
0,01229
0,01408
0,01191
0,01349
0,01889
0,01969
0,01840
0,01859
0,01232
0,01933
0,01156
0,01856
0,01942
0,01196
0,01112
0,01924
0,01209
0,01304
0,01967
0,01911
0,02008
0,01853
0,01104
0,02202
0,01334
0,01829
0,01944
0,01912
0,01938
0,01131
0,01114
0,01307
0,01156
0,01435
0,01827
0,01102
0,01078
0,01904
0,01344
