-3,15304
-3,15538
-3,15473
-3,14933
-3,15345
-3,15646
-3,15473
-3,15409
-3,15926
-3,15492
-3,15666
-3,15243
-3,15210
-3,15009
-3,15423
-3,15094
-3,15795
-3,15171
-3,15570
-3,15429
-3,15609
-3,15766
-3,15138
-3,15585
-3,14967
-3,15094
-3,15181
-3,15117
-3,15271
-3,15352
-3,15921
-3,15065
-3,15510
-3,15055
-3,15204
-3,15254
-3,15458
-3,15437
-3,15299
-3,14853
-3,15421
-3,15528
-3,15542
-3,15384
-3,15508
-3,15223
-3,14544
-3,15095
-3,15288
-3,15669
-3,15606
-3,15108
-3,15160
-3,14793
-3,15118
-3,15399
-3,15066
-3,15368
-3,15035
-3,15388
-3,15145
-3,14158
-3,15259
-3,16029
-3,15584
-3,15006
-3,15740
-3,15282
-3,14915
-3,15185
-3,15147
-3,15277
-3,15031
-3,15196
-3,14824
-3,15061
-3,15505
-3,14835
-3,15171
-3,15151
-3,14764
-3,15300
-3,14684
-3,15042
-3,15034
-3,15678
-3,15466
-3,15129
-3,14854
-3,14509
-3,14864
-3,14734
-3,15309
-3,14500
-3,15030
-3,15285
-3,14620
-3,15323
-3,14991
-3,15372
