0,01373
0,01376
0,01374
0,01376
0,01361
0,01367
0,01370
0,01380
0,01367
0,01375
0,01365
0,01403
0,01372
0,01368
0,01391
0,01411
0,01384
0,01397
0,01375
0,01385
0,01375
0,01384
0,01371
0,01364
0,01363
0,01398
0,01380
0,01382
0,01363
0,01378
0,01361
0,01370
0,01373
0,01373
0,01391
0,01363
0,01379
0,01368
0,01369
0,01365
0,01371
0,01363
0,01392
0,01375
0,01374
0,01370
0,01423
0,01362
0,01367
0,01369
0,01374
0,01368
0,01378
0,01367
0,01372
0,01374
0,01391
0,01374
0,01369
0,01389
0,01373
0,01367
0,01386
0,01379
0,01370
0,01389
0,01374
0,01396
0,01378
0,01373
0,01371
0,01373
0,01377
0,01368
0,01365
0,01377
0,01361
0,01378
0,01401
0,01377
0,01377
0,01406
0,01374
0,01378
0,01382
0,01369
0,01415
0,01407
0,01369
0,01366
0,01435
0,01377
0,01378
0,01375
0,01368
0,01381
0,01383
0,01387
0,01374
0,01375
