0,81617
0,81470
0,81562
0,81801
0,81454
0,81480
0,81447
0,81696
0,81809
0,81540
0,81480
0,81341
0,81488
0,81690
0,81539
0,81018
0,81660
0,81541
0,81644
0,81784
0,81528
0,81508
0,81427
0,81674
0,81353
0,81794
0,81610
0,81534
0,81354
0,81601
0,81619
0,81543
0,81547
0,81605
0,81549
0,81583
0,81598
0,81347
0,81565
0,81606
0,81588
0,81638
0,80885
0,81667
0,81624
0,81652
0,80735
0,81551
0,81703
0,81444
0,80695
0,81550
0,81600
0,81695
0,81616
0,81332
0,81911
0,81659
0,81449
0,80919
0,81593
0,81334
0,81881
0,81607
0,81576
0,80754
0,81502
0,81202
0,81648
0,81524
0,81402
0,81649
0,81603
0,81603
0,81431
0,81624
0,81543
0,81794
0,81484
0,81574
0,81630
0,80957
0,81397
0,81739
0,81625
0,81644
0,80691
0,80857
0,81681
0,81567
0,81450
0,81451
0,81639
0,81561
0,81491
0,81398
0,81548
0,81532
0,81518
0,81629
