-7,75084
-7,74876
-7,75064
-7,75086
-7,74962
-7,74639
-7,75174
-7,75120
-7,74871
-7,75022
-7,74836
-7,74985
-7,75239
-7,75009
-7,74898
-7,74971
-7,74875
-7,74767
-7,74975
-7,74949
-7,75140
-7,74990
-7,75028
-7,74952
-7,74952
-7,75122
-7,75055
-7,75073
-7,74843
-7,74940
-7,75217
-7,74714
-7,74142
-7,74864
-7,74998
-7,75082
-7,74388
-7,75211
-7,75203
-7,74949
-7,74833
-7,75123
-7,75072
-7,75067
-7,75054
-7,74976
-7,74954
-7,74925
-7,74859
-7,75000
-7,74914
-7,75085
-7,75070
-7,75134
-7,74891
-7,74729
-7,75089
-7,74874
-7,75152
-7,74797
-7,74828
-7,74594
-7,75100
-7,75019
-7,74887
-7,75075
-7,74947
-7,74852
-7,74948
-7,74993
-7,75174
-7,74781
-7,74865
-7,74874
-7,74801
-7,74859
-7,75167
-7,75091
-7,75078
-7,75189
-7,74855
-7,75118
-7,75057
-7,75180
-7,75060
-7,75166
-7,74532
-7,74555
-7,75105
-7,75056
-7,74578
-7,75101
-7,75096
-7,75027
-7,74774
-7,75118
-7,74899
-7,75015
-7,74789
-7,74857
