-3,15503
-3,15453
-3,15274
-3,15482
-3,15288
-3,14894
-3,15479
-3,15195
-3,15467
-3,15362
-3,15453
-3,15466
-3,15410
-3,15336
-3,15049
-3,15704
-3,14947
-3,15017
-3,15064
-3,15167
-3,15287
-3,15326
-3,15294
-3,15681
-3,15409
-3,15394
-3,15200
-3,15515
-3,15554
-3,15350
-3,15479
-3,15238
-3,15366
-3,15288
-3,15603
-3,15441
-3,15064
-3,15226
-3,15254
-3,15382
-3,15103
-3,15482
-3,15044
-3,15353
-3,15415
-3,15389
-3,15495
-3,15575
-3,15134
-3,15211
-3,15668
-3,15098
-3,15326
-3,15283
-3,15403
-3,15074
-3,15249
-3,15193
-3,15467
-3,15020
-3,15177
-3,15252
-3,15041
-3,15223
-3,15445
-3,15482
-3,15451
-3,15391
-3,15611
-3,15302
-3,15257
-3,15197
-3,15687
-3,15301
-3,15506
-3,15258
-3,15547
-3,15524
-3,15191
-3,15384
-3,15535
-3,15395
-3,15237
-3,15418
-3,15436
-3,15325
-3,15740
-3,15433
-3,15369
-3,15116
-3,15492
-3,15556
-3,15453
-3,15305
-3,15242
-3,15330
-3,15193
-3,15449
-3,15628
-3,15492
