0,83131
0,83043
0,83061
0,83013
0,83335
0,82764
0,82430
0,83278
0,82239
0,82927
0,82656
0,82885
0,83134
0,82422
0,82551
0,82688
0,82331
0,83067
0,82297
0,83215
0,82101
0,83082
0,82937
0,83151
0,82881
0,82569
0,83202
0,83352
0,82341
0,82955
0,81756
0,82949
0,83478
0,82166
0,82503
0,83588
0,82437
0,82257
0,82450
0,83483
0,82738
0,82456
0,82688
0,82765
0,82903
0,83579
0,83101
0,82392
0,82945
0,82507
0,82460
0,83010
0,82581
0,82601
0,83565
0,82878
0,82898
0,83302
0,82693
0,82911
0,83000
0,84081
0,83788
0,82081
0,82704
0,82662
0,83068
0,82679
0,82823
0,82435
0,82687
0,82736
0,82876
0,82679
0,83189
0,83046
0,82343
0,82600
0,83227
0,81802
0,82785
0,83016
0,83539
0,82662
0,82492
0,82710
0,83860
0,83123
0,84077
0,83040
0,82813
0,82642
0,83169
0,82861
0,82561
0,82821
0,82166
0,82707
0,82764
0,82393
