0,01869
0,01710
0,01578
0,01774
0,02020
0,01585
0,01416
0,01906
0,01640
0,01922
0,01536
0,01558
0,01529
0,01437
0,01567
0,01759
0,01404
0,01660
0,01466
0,01551
0,01525
0,01535
0,01631
0,01909
0,01543
0,01527
0,01645
0,01543
0,01466
0,01634
0,01505
0,01783
0,01638
0,01389
0,01477
0,01832
0,01550
0,01569
0,01549
0,01829
0,01510
0,01477
0,01907
0,01533
0,01650
0,01865
0,01620
0,01640
0,01536
0,01581
0,01486
0,01602
0,01514
0,01526
0,01616
0,01962
0,01768
0,01565
0,01937
0,01707
0,01500
0,02051
0,01555
0,01420
0,01559
0,01543
0,01869
0,01456
0,01540
0,01555
0,01703
0,01502
0,01621
0,01575
0,01740
0,01603
0,01500
0,01580
0,01613
0,01478
0,01526
0,01526
0,01894
0,01511
0,01543
0,01531
0,01614
0,01729
0,01848
0,01701
0,01546
0,01560
0,01757
0,01553
0,01463
0,01586
0,01587
0,01595
0,01426
0,01431
