-3,14884
-3,15169
-3,15927
-3,14620
-3,14070
-3,15141
-3,15631
-3,16871
-3,14461
-3,15389
-3,15947
-3,14846
-3,14096
-3,17367
-3,16789
-3,16478
-3,15933
-3,13639
-3,15660
-3,15638
-3,15889
-3,15159
-3,14846
-3,15124
-3,13204
-3,14790
-3,14355
-3,14959
-3,15437
-3,14841
-3,14618
-3,15359
-3,13989
-3,16995
-3,15751
-3,14426
-3,14465
-3,16069
-3,16249
-3,13366
-3,15762
-3,16085
-3,14797
-3,14730
-3,15081
-3,14521
-3,14842
-3,14697
-3,14886
-3,16310
-3,15038
-3,14370
-3,15773
-3,14022
-3,15606
-3,15344
-3,16489
-3,15081
-3,17408
-3,14223
-3,16128
-3,15230
-3,14339
-3,15896
-3,14693
-3,15740
-3,14561
-3,14735
-3,14835
-3,15181
-3,16317
-3,14422
-3,14459
-3,13517
-3,16222
-3,15128
-3,16296
-3,16192
-3,14852
-3,16099
-3,14940
-3,16387
-3,15398
-3,15126
-3,15551
-3,13944
-3,14261
-3,15013
-3,16032
-3,14939
-3,15470
-3,15094
-3,15370
-3,15965
-3,16498
-3,15181
-3,14918
-3,15741
-3,15759
-3,13819
