-7,70871
-7,71722
-7,60016
-7,72656
-7,66475
-7,71494
-7,72970
-7,68739
-7,71238
-7,72403
-7,68294
-7,71640
-7,59101
-7,70149
-7,66880
-7,73446
-7,70865
-7,56506
-7,72854
-7,70998
-7,73384
-7,68578
-7,71043
-7,69201
-7,56503
-7,60528
-7,66243
-7,69585
-7,71013
-7,68509
-7,71442
-7,73330
-7,63952
-7,65741
-7,73740
-7,65273
-7,69015
-7,69025
-7,72302
-7,54692
-7,74549
-7,60520
-7,61000
-7,65938
-7,73212
-7,62023
-7,66943
-7,63668
-7,63752
-7,73156
-7,70795
-7,69017
-7,73893
-7,66715
-7,73443
-7,70103
-7,70669
-7,63070
-7,72876
-7,72109
-7,67753
-7,66796
-7,58893
-7,70575
-7,64634
-7,70337
-7,67953
-7,71176
-7,70984
-7,73946
-7,70049
-7,69267
-7,63725
-7,57080
-7,70988
-7,73206
-7,71854
-7,71898
-7,55657
-7,70259
-7,69180
-7,67683
-7,71255
-7,68352
-7,66657
-7,70154
-7,59674
-7,66144
-7,66544
-7,73174
-7,69610
-7,71547
-7,63723
-7,74897
-7,64207
-7,74226
-7,73679
-7,73718
-7,67564
-7,62155
