0,88343
0,87225
0,88131
0,86312
0,88775
0,86022
0,86818
0,90368
0,91614
0,89830
0,89290
0,89431
0,85150
0,88762
0,81958
0,91786
0,86599
0,91004
0,94499
0,84322
0,88971
0,90652
0,92361
0,83805
0,87360
0,85687
0,95099
0,88728
0,85218
0,90301
0,88082
0,90237
0,88019
0,87335
0,85965
0,87787
0,87486
0,90137
0,92092
0,91826
0,89976
0,92438
0,86158
0,84098
0,86487
0,86045
0,84780
0,87887
0,93501
0,86964
0,90696
0,86906
0,86573
0,89675
0,84795
0,84911
0,87704
0,88563
0,89833
0,90078
0,87342
0,96845
0,83819
0,87246
0,88772
0,89201
0,89914
0,89959
0,91067
0,88769
0,85725
0,83568
0,87585
0,97821
0,90286
0,88875
0,85000
0,88770
0,86933
0,86584
0,94754
0,86932
0,88829
0,87181
0,87055
0,90882
1,04990
0,88075
0,83830
0,88935
0,91614
0,87464
0,88895
0,88063
0,95845
0,89239
0,88493
0,82239
0,87318
0,93569
