-3,94511
-7,04118
-11,63456
-8,76914
-7,59562
-9,43048
-8,12187
-9,30583
-9,12830
-6,72867
-8,58015
-6,56357
-8,92866
-10,18483
-13,09521
-3,55053
-8,06584
-6,46011
-3,16907
-12,21563
-6,43493
-8,93356
-6,32470
-8,04236
-6,63004
-8,88764
-5,94855
-9,49666
-4,82455
-7,02143
-9,28622
-8,89812
-6,31729
-8,29739
-7,06680
-11,00332
-9,28198
-3,44704
-13,61541
-6,05514
-8,65092
-6,48696
-6,66638
-13,64279
-12,08122
-9,46126
-7,21297
-4,35960
-8,52450
-7,92302
-8,45411
-8,58486
-7,47739
-10,19397
-9,72724
-10,16319
-7,37060
-11,25216
-5,02820
-3,62663
-12,81733
-9,18836
-9,68466
-6,75614
-6,32833
-8,76281
-6,30406
-9,19424
-8,11572
-4,12188
-8,64783
-7,97816
-6,44012
-6,17462
-9,12966
-9,67296
-7,05383
-10,19681
-7,83539
-6,63428
-10,28076
-6,31096
-8,07711
-11,81632
-5,35013
-8,51646
-7,71301
-8,13876
-10,82774
-8,60218
-6,08059
-6,32246
-6,92426
-6,86317
-7,04044
-4,84782
-11,77880
-6,86947
-9,11360
-3,37675
