0,00674
0,00316
0,05536
0,00660
0,00402
0,00481
0,00607
0,03002
0,00541
0,00389
0,01942
0,00453
0,00401
0,05166
0,00455
0,00105
0,00296
0,00327
0,00299
0,00884
0,00828
0,00557
0,01536
0,00767
0,00785
0,01677
0,00199
0,00687
0,00768
0,03216
0,00363
0,00690
0,00272
0,00393
0,00296
0,01449
0,00204
0,00399
0,09431
0,01868
0,00437
0,01631
0,00684
0,00458
0,00381
0,00692
0,00595
0,00288
0,05565
0,02430
0,00679
0,00370
0,00609
0,02514
0,01929
0,00907
0,00519
0,00428
0,01053
0,00666
0,00408
0,11485
0,00419
0,00382
0,00351
0,00570
0,01377
0,00570
0,02190
0,00526
0,00349
0,00315
0,00357
0,13786
0,01227
0,02283
0,00583
0,00421
0,00280
0,01524
0,08145
0,00444
0,00288
0,00834
0,00375
0,00245
0,25236
0,00447
0,00370
0,00387
0,00275
0,00503
0,00327
0,00261
0,05773
0,00430
0,05918
0,00415
0,00336
0,00319
