-13,70740
-9,89504
-15,05499
-12,60274
-9,24609
-10,86268
-10,65071
-11,54866
-6,24359
-9,80903
-7,69034
-10,45950
-11,28752
-15,79609
-14,92187
-7,71762
-10,61347
-6,91838
-6,52742
-14,06953
-11,11538
-11,91045
-7,19812
-13,25360
-10,24954
-12,76186
-2,68345
-9,48419
-18,98454
-7,58699
-6,61981
-6,07507
-11,36468
-7,46357
-10,96166
-9,18884
-7,66811
-12,22307
-4,95734
-6,82198
-6,63363
-8,44167
-15,26891
-13,87252
-7,45504
-14,94565
-14,65601
-12,06262
-7,50105
-12,00758
-3,19778
-8,57205
-15,48497
-10,17281
-14,00462
-11,24690
-13,84193
-7,49742
-8,54841
-9,86631
-7,47205
-3,95888
-15,11001
-9,94878
-10,86406
-7,12749
-11,39534
-7,47112
-11,58289
-10,45598
-10,33498
-12,97812
-9,34794
-8,41914
-5,14904
-7,13177
-13,79147
-6,20811
-7,41724
-12,78494
-9,68158
-9,98656
-7,18043
-10,98687
-18,28769
-7,13550
-7,89821
-8,96057
-14,02571
-7,68697
-7,13549
-9,38906
-10,45655
-10,96916
-4,91082
-11,61747
-11,43338
-16,80497
-7,02816
-7,10100
