-19,30752
-19,16405
-19,26270
-19,20559
-19,24368
-19,06616
-19,31568
-18,92310
-19,33507
-19,30503
-19,22379
-19,17463
-19,31223
-19,33584
-19,22724
-19,26171
-19,08605
-19,28848
-19,18459
-19,18491
-19,22546
-18,56556
-19,11939
-19,21230
-19,18062
-19,32048
-18,79144
-19,20695
-19,21699
-19,26110
-18,78864
-19,10927
-19,15705
-19,25367
-19,31031
-19,33509
-19,22059
-19,13789
-19,17366
-19,26023
-19,10529
-19,09667
-19,26135
-19,15905
-19,31216
-19,13712
-19,08934
-19,31129
-19,31640
-18,96812
-19,34428
-19,32659
-19,15335
-19,27671
-19,18094
-19,33226
-19,24723
-19,31941
-19,20188
-19,10253
-19,11808
-19,15350
-19,32029
-19,18353
-19,30666
-19,28258
-19,09216
-19,28513
-18,95874
-18,62116
-19,09199
-18,71612
-19,05309
-19,32901
-19,34567
-19,17262
-19,25642
-19,32069
-19,07013
-19,34446
-19,32287
-19,23655
-19,29140
-19,27551
-19,29060
-19,19098
-19,21426
-18,71140
-19,27460
-18,60763
-19,16980
-19,07082
-19,16282
-19,18345
-19,21921
-18,83083
-19,32913
-19,16762
-19,22138
-19,16174
