0,01966
0,02226
0,01397
0,01667
0,02355
0,01653
0,01997
0,01647
0,01527
0,01750
0,01516
0,01890
0,01378
0,02013
0,02665
0,01594
0,02015
0,01515
0,01889
0,01548
0,01591
0,02120
0,02283
0,02150
0,01842
0,01950
0,01511
0,01533
0,01364
0,01713
0,01382
0,01576
0,01907
0,01796
0,01542
0,01659
0,02061
0,01623
0,01756
0,01828
0,01750
0,02119
0,01761
0,01436
0,01849
0,01760
0,01687
0,02255
0,01677
0,02434
0,02410
0,02189
0,01410
0,01520
0,01430
0,01398
0,01361
0,01341
0,02277
0,01544
0,02309
0,01388
0,01414
0,01834
0,01812
0,02477
0,01363
0,01417
0,01636
0,02282
0,01961
0,02201
0,02423
0,01442
0,01496
0,01752
0,01479
0,02043
0,02463
0,01489
0,01265
0,01501
0,02218
0,01968
0,01744
0,01559
0,01594
0,02239
0,01866
0,01529
0,01702
0,02095
0,01579
0,02492
0,01940
0,02563
0,01667
0,01953
0,01985
0,01647
