-9,99729
-9,89297
-10,04051
-9,94865
-10,00377
-10,07690
-10,02917
-10,01206
-10,03210
-9,94752
-10,01039
-9,98427
-10,03075
-9,96183
-9,96868
-10,01382
-9,87553
-9,92761
-9,92176
-9,96510
-9,93764
-9,99050
-9,88330
-9,85113
-9,98474
-9,92907
-9,88684
-9,93462
-9,92126
-10,04173
-10,04886
-10,00121
-9,94950
-10,03846
-10,00029
-9,98810
-9,95468
-9,90769
-10,02404
-9,99112
-9,93747
-9,89254
-9,89994
-9,97863
-10,06644
-9,94706
-10,03737
-10,02770
-9,92666
-9,93538
-10,02260
-9,96091
-9,97738
-9,93740
-10,04811
-9,95599
-9,93074
-9,96705
-9,93790
-9,97185
-9,94180
-9,97187
-10,01276
-9,95969
-9,98714
-9,96694
-9,98122
-9,96241
-10,04852
-9,81636
-9,94812
-9,92724
-9,88730
-9,98933
-9,95640
-9,90721
-9,91035
-9,99760
-9,93203
-10,06698
-9,99492
-10,00456
-9,93243
-9,98156
-9,91068
-9,92185
-9,90039
-9,81702
-9,96205
-9,83106
-9,89130
-9,83872
-10,00272
-9,96522
-9,95468
-10,23459
-10,02100
-9,95022
-10,05120
-9,95881
