0,87701
0,86300
0,85426
0,86328
0,87927
0,85463
0,84967
0,85036
0,84852
0,86205
0,85538
0,86057
0,87251
0,84677
0,86447
0,86050
0,84508
0,85870
0,85786
0,86193
0,85784
0,86241
0,85045
0,86407
0,87684
0,85875
0,86122
0,87419
0,86521
0,84598
0,84478
0,86678
0,85938
0,85705
0,84433
0,87018
0,87727
0,85665
0,85725
0,87014
0,85200
0,86353
0,86214
0,85478
0,86641
0,84526
0,86497
0,85046
0,85401
0,86494
0,84121
0,84870
0,85986
0,84297
0,85571
0,85405
0,85449
0,85356
0,85512
0,85307
0,87800
0,84299
0,85443
0,86445
0,85163
0,85487
0,85309
0,85712
0,85570
0,87518
0,87219
0,84482
0,87505
0,85289
0,85677
0,85759
0,85931
0,85343
0,86514
0,83804
0,85161
0,85019
0,85127
0,83746
0,84966
0,85133
0,85772
0,86393
0,85342
0,86230
0,86222
0,87606
0,86509
0,85879
0,84622
0,87371
0,85543
0,85218
0,85836
0,85840
