-10,11023
-10,09395
-10,06154
-10,09025
-10,11148
-10,09635
-10,06999
-10,06834
-10,02274
-10,05800
-10,06292
-10,02237
-10,04316
-10,04180
-10,07258
-10,01397
-10,04127
-10,05519
-10,06172
-10,03776
-10,07206
-10,04211
-10,03302
-10,01271
-10,09134
-10,07612
-10,06638
-10,05026
-10,08415
-10,03154
-10,09840
-10,06142
-9,99086
-10,03854
-10,05679
-10,05122
-10,01946
-10,05905
-10,03262
-10,00033
-10,04937
-10,03728
-10,12392
-10,08265
-10,02352
-10,10093
-10,06651
-10,04337
-10,08647
-10,02814
-10,04290
-10,07859
-10,08448
-10,07913
-10,03106
-10,09037
-10,08064
-10,04112
-10,12697
-10,03344
-10,07367
-10,08978
-10,06249
-10,02024
-10,04661
-10,04894
-10,07903
-10,06490
-10,04641
-9,99674
-10,05822
-10,07603
-10,05002
-10,04946
-10,10858
-10,04145
-10,04814
-10,08818
-10,06354
-10,02446
-10,07014
-10,06723
-10,00388
-10,03233
-10,02499
-10,05673
-10,06709
-10,10662
-10,10852
-10,07423
-10,04476
-10,05875
-10,05047
-10,06750
-10,07415
-10,11473
-10,05135
-10,03533
-10,07137
-10,03682
