0,02259
0,02534
0,02524
0,02591
0,01999
0,02233
0,01732
0,02682
0,02067
0,02418
0,02377
0,02671
0,02218
0,02713
0,02500
0,02526
0,02402
0,02007
0,02695
0,02059
0,02347
0,02341
0,01764
0,02069
0,02255
0,02132
0,02042
0,02110
0,02255
0,02592
0,02760
0,02135
0,01793
0,02282
0,02238
0,02153
0,02320
0,02654
0,02512
0,02495
0,02367
0,02668
0,02696
0,02253
0,02893
0,02366
0,02069
0,01991
0,02128
0,02476
0,02169
0,02350
0,02305
0,02452
0,01884
0,02284
0,02629
0,02370
0,02457
0,02230
0,02557
0,02198
0,02231
0,02257
0,02026
0,02026
0,02235
0,01807
0,02048
0,02291
0,02466
0,02767
0,02545
0,02262
0,01843
0,01720
0,02474
0,02249
0,02668
0,02245
0,02332
0,02708
0,02147
0,02609
0,01942
0,02386
0,02635
0,01879
0,02365
0,02049
0,02829
0,02478
0,01892
0,02860
0,02540
0,02102
0,02786
0,02064
0,02554
0,02052
