-19,30792
-19,35633
-19,34111
-19,30881
-19,30860
-19,35937
-19,33663
-19,33550
-19,25705
-19,36445
-19,36611
-19,30165
-19,18315
-19,26232
-19,36400
-19,25047
-19,27755
-19,34390
-19,30082
-19,27441
-19,34805
-19,28250
-19,34947
-19,24395
-19,30394
-19,35151
-19,34753
-19,29979
-19,29703
-19,28988
-19,31879
-19,29697
-19,17824
-19,35045
-19,27367
-19,35681
-19,27330
-19,32389
-19,26350
-19,26497
-19,34068
-19,28953
-19,29254
-19,21974
-19,31250
-19,23011
-19,34106
-19,32828
-19,37294
-19,28889
-19,34372
-19,31015
-19,35962
-19,34828
-19,23681
-19,35192
-19,34736
-19,33514
-19,33761
-19,30234
-19,27857
-19,32236
-19,21733
-19,18722
-19,27813
-19,34531
-19,30667
-19,35544
-19,29720
-19,24900
-19,33496
-19,36245
-19,24007
-19,34271
-19,32935
-19,31089
-19,24905
-19,24802
-19,28859
-19,32494
-19,30041
-19,31771
-19,25596
-19,24586
-19,31581
-19,33891
-19,33181
-19,36521
-19,33542
-19,22349
-19,32689
-19,33590
-19,33685
-19,37458
-19,37357
-19,31665
-19,31185
-19,25717
-19,36202
-19,31651
