0,88369
0,87930
0,88933
0,88984
0,87636
0,87608
0,87093
0,88843
0,88190
0,87727
0,87430
0,88577
0,88068
0,87863
0,88344
0,88501
0,87291
0,87955
0,88786
0,87996
0,87908
0,88205
0,87350
0,88612
0,87890
0,88146
0,87764
0,86928
0,89185
0,88148
0,88084
0,87782
0,88175
0,88520
0,89000
0,88143
0,88043
0,88179
0,88585
0,89458
0,88042
0,87938
0,88781
0,87540
0,89724
0,87268
0,88138
0,87555
0,87715
0,87424
0,87674
0,86988
0,87985
0,88608
0,87359
0,88919
0,87940
0,87216
0,89239
0,88662
0,87935
0,87407
0,89325
0,89237
0,88461
0,88437
0,88256
0,87320
0,88123
0,88498
0,87908
0,88620
0,89225
0,87018
0,86798
0,88065
0,87813
0,87953
0,88233
0,88521
0,88384
0,89201
0,88344
0,88912
0,87659
0,88330
0,88213
0,87102
0,88810
0,89810
0,88638
0,87129
0,88934
0,88941
0,87860
0,88143
0,89266
0,87906
0,88107
0,88409
