-19,35605
-19,36387
-19,37286
-19,37732
-19,37441
-19,36941
-19,37577
-19,34671
-19,35350
-19,36626
-19,36383
-19,37783
-19,36271
-19,35345
-19,36977
-19,36858
-19,36696
-19,36562
-19,37260
-19,37250
-19,37716
-19,35568
-19,37899
-19,35883
-19,35971
-19,36552
-19,36173
-19,36916
-19,36754
-19,36041
-19,36085
-19,36668
-19,37361
-19,37728
-19,36318
-19,35498
-19,37006
-19,37414
-19,34973
-19,35192
-19,36791
-19,37562
-19,36841
-19,35653
-19,36517
-19,36226
-19,33252
-19,35476
-19,34280
-19,34518
-19,36991
-19,32819
-19,35130
-19,36033
-19,36464
-19,35547
-19,36231
-19,36674
-19,34760
-19,35696
-19,36624
-19,36801
-19,36727
-19,34907
-19,36290
-19,37479
-19,37337
-19,35980
-19,35817
-19,36772
-19,36992
-19,36048
-19,36521
-19,37763
-19,36504
-19,35142
-19,35831
-19,37146
-19,34755
-19,36739
-19,37288
-19,37549
-19,36276
-19,37489
-19,36114
-19,31793
-19,37390
-19,35630
-19,37345
-19,36409
-19,36381
-19,35964
-19,36192
-19,34573
-19,36932
-19,36866
-19,35772
-19,35193
-19,36873
-19,36075
