0,01314
0,01272
0,01242
0,01245
0,01353
0,01419
0,01330
0,01269
0,01399
0,01331
0,01302
0,01305
0,01306
0,01289
0,01326
0,01271
0,01294
0,01341
0,01319
0,01426
0,01309
0,01302
0,01274
0,01296
0,01234
0,01311
0,01287
0,01275
0,01324
0,01328
0,01331
0,01283
0,01285
0,01330
0,01309
0,01286
0,01345
0,01272
0,01422
0,01301
0,01351
0,01304
0,01287
0,01311
0,01308
0,01306
0,01434
0,01325
0,01294
0,01375
0,01314
0,01299
0,01299
0,01358
0,01375
0,01245
0,01260
0,01381
0,01272
0,01362
0,01365
0,01284
0,01367
0,01266
0,01319
0,01304
0,01320
0,01303
0,01256
0,01240
0,01281
0,01283
0,01269
0,01330
0,01352
0,01295
0,01404
0,01286
0,01382
0,01288
0,01281
0,01310
0,01253
0,01333
0,01320
0,01328
0,01265
0,01333
0,01246
0,01299
0,01267
0,01343
0,01340
0,01383
0,01218
0,01384
0,01290
0,01334
0,01331
0,01358
