-10,06427
-10,05435
-10,04860
-10,05714
-10,06690
-10,05891
-10,05243
-10,03733
-10,03796
-10,04447
-10,03993
-10,04805
-10,05589
-10,04130
-10,05007
-10,06199
-10,04282
-10,06013
-10,07444
-10,04507
-10,04481
-10,08501
-10,06416
-10,04502
-10,05111
-10,05305
-10,04437
-10,05231
-10,05677
-10,04964
-10,06574
-10,04092
-10,06240
-10,04389
-10,03666
-10,07178
-10,04201
-10,05678
-10,04114
-10,05864
-10,05514
-10,04391
-10,05126
-10,04247
-10,05383
-10,05183
-10,05821
-10,07866
-10,02183
-10,04913
-10,06808
-10,04512
-10,06115
-10,04356
-10,04122
-10,03983
-10,04818
-10,07782
-10,05134
-10,05043
-10,07446
-10,05089
-10,03249
-10,06525
-10,04175
-10,05869
-10,06746
-10,03939
-10,05405
-10,04837
-10,05689
-10,05868
-10,04529
-10,05459
-10,05049
-10,04092
-10,07476
-10,06062
-10,04482
-10,04469
-10,05502
-10,04507
-10,06769
-10,05338
-10,04262
-10,01595
-10,04738
-10,04219
-10,04221
-10,05620
-10,04718
-10,04935
-10,06317
-10,01571
-10,07263
-10,05675
-10,05768
-10,05832
-10,05979
-10,04513
