0,85091
0,85408
0,85023
0,84846
0,85327
0,85425
0,84897
0,85326
0,85008
0,85393
0,84912
0,85474
0,84472
0,85347
0,84890
0,85278
0,85292
0,85209
0,85236
0,85581
0,85571
0,85517
0,85490
0,85233
0,85074
0,85404
0,85753
0,85159
0,85719
0,85505
0,85002
0,85311
0,85413
0,85185
0,85534
0,85255
0,85248
0,85195
0,85403
0,84582
0,85446
0,84758
0,84943
0,85210
0,85370
0,85451
0,85502
0,85360
0,85037
0,85451
0,85335
0,85661
0,85028
0,85559
0,85431
0,85203
0,85290
0,85518
0,85418
0,85676
0,85191
0,85243
0,84814
0,85309
0,85354
0,85121
0,85172
0,85351
0,85094
0,84844
0,85569
0,85367
0,85282
0,85499
0,85369
0,85321
0,85585
0,85086
0,85166
0,85204
0,85788
0,85898
0,85051
0,85453
0,85258
0,85526
0,85571
0,85266
0,85274
0,85076
0,85208
0,85096
0,85405
0,85058
0,85016
0,84769
0,85109
0,85221
0,85232
0,85259
