0,87181
0,87802
0,88571
0,85296
0,87998
0,86548
0,87617
0,85709
0,87225
0,87180
0,87980
0,87684
0,89128
0,88749
0,86925
0,88557
0,88541
0,88084
0,87233
0,87220
0,87629
0,88947
0,87772
0,87478
0,87146
0,88661
0,87350
0,86953
0,87630
0,88278
0,87088
0,87426
0,88179
0,87643
0,86972
0,86677
0,85809
0,86709
0,86297
0,85941
0,87046
0,87008
0,87760
0,87165
0,87117
0,87412
0,86217
0,87491
0,88142
0,88099
0,87968
0,85942
0,86478
0,87037
0,86984
0,87060
0,88772
0,86514
0,88002
0,87274
0,88082
0,86671
0,89123
0,87653
0,87257
0,86879
0,86660
0,87631
0,86819
0,87527
0,87088
0,86781
0,88551
0,88766
0,87211
0,88817
0,86308
0,87435
0,87725
0,86733
0,88239
0,87872
0,87567
0,86558
0,87894
0,88224
0,86453
0,89318
0,86033
0,87202
0,87190
0,87777
0,87035
0,86335
0,88067
0,87342
0,86137
0,87327
0,86949
0,87255
