0,01813
0,01907
0,02703
0,01335
0,02461
0,01507
0,02468
0,01698
0,01672
0,01841
0,03006
0,01534
0,02513
0,02684
0,02185
0,03378
0,01961
0,01842
0,01803
0,01720
0,02320
0,02172
0,02911
0,02505
0,02228
0,03209
0,02060
0,01993
0,01960
0,01799
0,01787
0,01857
0,01932
0,02109
0,02017
0,01755
0,01194
0,01744
0,01839
0,01390
0,01886
0,01872
0,02070
0,01899
0,01655
0,01962
0,01835
0,01301
0,02139
0,02751
0,02016
0,01588
0,01638
0,02144
0,01895
0,01869
0,02335
0,01726
0,02736
0,02288
0,01686
0,02024
0,03302
0,01646
0,01857
0,01652
0,02304
0,02027
0,01968
0,02038
0,01557
0,01717
0,03302
0,02012
0,01862
0,02345
0,01904
0,02310
0,02193
0,01573
0,02918
0,01929
0,02701
0,01626
0,02590
0,02588
0,01561
0,03055
0,01607
0,01830
0,01700
0,02299
0,01782
0,01844
0,01689
0,01769
0,01628
0,02529
0,02209
0,01547
