-19,21582
-18,89918
-19,04585
-19,29991
-18,99985
-18,97756
-18,99803
-19,06079
-19,04439
-18,79649
-19,06844
-19,20237
-18,92314
-18,55200
-19,12184
-19,00034
-18,97812
-18,83426
-19,27134
-18,99450
-19,25890
-18,70590
-19,21521
-19,20772
-19,00989
-19,19691
-19,08617
-19,21410
-19,20087
-19,22449
-18,97323
-19,08804
-19,30985
-19,09003
-19,00939
-18,90385
-19,23368
-19,10907
-19,17583
-19,31864
-19,11134
-19,05605
-19,12412
-19,04306
-19,00395
-19,14480
-19,09929
-19,06989
-19,02823
-19,04510
-19,10385
-19,20275
-19,10447
-18,91909
-19,12289
-19,11936
-19,17223
-19,03362
-19,21203
-19,11077
-18,92499
-19,15534
-19,11831
-19,23624
-19,30716
-19,20444
-19,09876
-19,26677
-19,08164
-19,04038
-19,04780
-19,02135
-19,22012
-18,99415
-19,20905
-19,16329
-19,17888
-19,01443
-18,85373
-19,21683
-19,13858
-19,08350
-18,79688
-19,08716
-18,80507
-19,23935
-19,02448
-19,06858
-19,25674
-19,16064
-18,63527
-19,13809
-19,10531
-19,08667
-19,10269
-19,11537
-19,23229
-19,21521
-19,05311
-19,19223
