-10,08730
-10,04842
-10,15069
-10,18890
-9,98881
-10,11888
-10,05544
-10,11509
-10,15763
-10,00889
-10,04246
-10,11481
-10,23313
-10,05457
-10,05426
-10,04057
-10,11550
-10,09645
-10,17573
-10,11532
-10,10285
-9,97657
-10,16397
-10,08565
-9,97888
-10,29629
-10,10446
-10,07541
-10,07993
-10,25237
-10,06222
-10,10092
-10,28054
-10,04887
-10,02420
-9,99959
-10,01353
-10,01654
-10,08473
-10,25120
-10,04571
-9,97651
-10,09566
-10,13605
-9,98744
-10,10947
-10,09332
-10,19223
-10,09034
-10,09186
-10,02902
-10,14311
-10,10744
-9,99491
-10,02505
-10,17968
-10,11450
-10,05559
-10,15742
-10,04285
-10,10553
-10,07244
-10,10178
-10,18396
-10,38683
-10,06337
-10,10189
-10,19168
-10,14561
-10,02393
-10,14156
-10,08734
-10,08582
-9,81468
-10,04533
-10,15042
-10,08770
-10,14196
-10,01355
-10,14152
-10,04020
-10,05125
-9,96665
-10,13978
-10,06959
-10,06874
-10,10245
-10,09103
-10,03742
-10,16868
-9,96303
-10,08264
-9,98476
-10,09517
-10,19234
-10,00773
-10,18173
-10,09434
-10,11076
-10,21789
