0,35997
0,39062
0,35182
0,56172
0,34829
0,56463
0,34958
0,35911
0,29787
0,36112
0,35870
0,41501
0,76775
0,35510
0,36166
0,35913
0,74833
0,40329
0,47719
0,56363
0,47185
0,48606
0,51305
0,36402
0,40144
0,56021
0,36256
0,35039
0,41905
0,35452
0,35377
0,39748
0,39981
0,36835
0,35076
0,34783
0,55941
0,47840
0,35296
0,35272
0,37879
0,44918
0,79889
0,56018
0,46645
0,56450
0,34844
0,47476
0,43334
0,60377
0,38040
0,52421
0,35307
0,36737
0,40262
0,35281
0,37869
0,35136
0,35125
0,47845
0,66889
0,49532
0,39014
0,37246
0,52324
0,37119
0,47806
0,39280
0,37974
0,30026
0,35996
0,75508
0,42966
0,40259
0,52115
0,48966
1,05710
0,70860
0,51086
0,36538
0,44189
0,36255
0,36090
0,36162
0,35217
0,35355
0,35841
0,52194
0,36317
0,35036
0,35677
0,36717
0,35901
0,45124
0,30062
0,76501
0,36443
0,37289
0,35334
0,51588
