0,24457
0,52275
0,25842
0,40323
0,14062
0,40986
0,43834
0,23640
0,45426
0,34586
0,24461
0,66058
1,27966
0,17859
0,35556
0,32087
1,56817
0,34780
0,26257
0,81859
0,82444
1,17962
1,04419
0,23171
0,55863
0,38728
0,24904
0,11927
0,40764
0,09059
0,19797
0,29920
0,45255
0,65690
0,21205
0,27930
0,36783
0,26740
0,24327
0,18911
0,25855
0,74545
1,28328
0,42123
0,62997
0,96303
0,23580
0,40271
0,58809
0,43065
0,62819
0,38327
0,26301
0,46335
0,27246
0,20749
0,33949
0,35624
0,33908
0,30175
1,44834
0,88396
0,58636
0,30324
0,31446
0,27614
0,26321
0,58237
0,27802
0,42083
0,21264
1,24998
0,58338
0,51973
0,33706
0,77805
0,96388
1,17148
1,20108
0,30643
0,61057
0,25550
0,23502
0,40657
0,17822
0,08466
0,25456
0,30653
0,35639
0,18926
0,22797
0,41949
0,19681
0,49856
0,40304
1,23347
0,43245
0,55254
0,15458
0,78946
