0,62477
1,11384
0,61295
0,48922
0,88630
0,47420
0,61670
0,74722
1,00158
0,63969
0,71040
1,12030
1,35517
0,82645
0,70968
0,66497
0,89026
1,04573
0,43942
0,97832
1,23234
1,31554
1,25369
0,65225
0,87917
0,48219
0,54944
0,84893
0,80204
0,48369
0,49392
1,01452
1,10145
0,81758
0,70333
0,79389
0,46957
0,43869
0,57877
0,64875
0,82736
1,25407
1,23152
0,48783
0,91565
1,28427
0,81920
0,49877
0,86255
0,48188
0,96529
0,54612
0,52783
1,04387
1,01916
0,58303
0,99392
0,56179
0,63040
0,44214
1,22777
1,07360
1,00099
0,94654
0,43449
0,98004
0,45073
0,90871
0,99306
0,91097
0,66130
1,24757
0,92268
1,22585
0,45124
0,94095
0,69849
1,25649
0,85893
0,74701
0,93546
0,76289
0,80550
0,77595
0,54985
0,57552
0,75328
0,46256
0,69570
0,72035
0,78536
0,89099
0,64638
1,14005
0,98812
1,17184
0,69413
1,15748
0,57549
0,77196
