0,02593
0,05916
0,02483
0,02380
0,03253
0,02338
0,02358
0,02795
0,00137
0,02484
0,02434
0,05705
0,06861
0,03282
0,02494
0,02754
0,39829
0,03896
0,02343
0,05863
0,07127
0,10751
0,09295
0,02461
0,00321
0,02345
0,02475
0,02855
0,02666
0,02426
0,02404
0,03700
0,02996
0,02611
0,02729
0,02628
0,02329
0,02389
0,02438
0,02546
0,03553
0,13707
0,07768
0,02371
0,05475
0,06830
0,03234
0,02330
0,05537
0,02411
0,06708
0,02501
0,02411
0,03831
0,03705
0,02470
0,03486
0,02408
0,02528
0,02347
0,23666
0,07260
0,06143
0,03498
0,02355
0,02873
0,02376
0,00145
0,03776
0,00152
0,02427
0,13244
0,05680
0,03954
0,02306
0,00143
0,02407
0,13569
0,40451
0,02794
0,03295
0,02464
0,02967
0,02412
0,02877
0,02416
0,02942
0,02330
0,02458
0,02738
0,02975
0,03124
0,02463
0,03161
0,00732
0,13077
0,02410
0,03505
0,02475
0,02453
