0,27741
0,26525
0,30408
0,27672
0,28441
0,26164
0,24243
0,24960
0,26679
0,28138
0,25698
0,23629
0,25926
0,27192
0,24900
0,27248
0,24424
0,24861
0,23406
0,23580
0,26136
0,26473
0,24994
0,27381
0,26224
0,24891
0,27289
0,28396
0,27000
0,27933
0,25153
0,26178
0,27467
0,24312
0,23534
0,26165
0,26361
0,26554
0,25199
0,25740
0,25186
0,23699
0,22156
0,27109
0,26928
0,26412
0,24853
0,26905
0,26556
0,25325
0,27182
0,23323
0,26379
0,24380
0,28421
0,26537
0,26671
0,28452
0,23408
0,24253
0,24672
0,28032
0,24462
0,27785
0,26756
0,26382
0,27000
0,23650
0,22037
0,25348
0,24825
0,26416
0,26279
0,21846
0,23430
0,26826
0,25997
0,27561
0,23422
0,20951
0,28032
0,28507
0,25041
0,24626
0,24341
0,28483
0,27826
0,25441
0,25648
0,25945
0,25272
0,26122
0,26902
0,27191
0,27726
0,25677
0,26113
0,24375
0,22876
0,25990
