0,05613
0,02938
0,05645
0,05984
0,05693
0,03794
0,03972
0,04074
0,05272
0,05516
0,05348
0,04303
0,04912
0,06010
0,04738
0,06005
0,04684
0,03828
0,02957
0,03612
0,05008
0,04450
0,04298
0,05903
0,05323
0,03758
0,05633
0,06005
0,05827
0,06005
0,04845
0,05514
0,04525
0,04794
0,03343
0,04802
0,04675
0,05672
0,05013
0,05382
0,03701
0,04523
0,03269
0,05167
0,05349
0,04405
0,03987
0,04918
0,04734
0,04672
0,05713
0,03801
0,05208
0,04231
0,06448
0,04942
0,05230
0,05950
0,04565
0,03624
0,04127
0,06042
0,03934
0,06127
0,04965
0,04558
0,04016
0,02287
0,02122
0,04073
0,03421
0,04938
0,05131
0,02929
0,04706
0,05713
0,05801
0,06412
0,04402
0,02170
0,04766
0,05570
0,04891
0,04330
0,03931
0,05797
0,05470
0,05955
0,05078
0,03945
0,03004
0,05039
0,05995
0,05666
0,04912
0,04784
0,06234
0,03814
0,03759
0,06302
