0,35587
0,35692
0,35586
0,35589
0,35595
0,35663
0,35655
0,35652
0,35612
0,35586
0,35602
0,35642
0,35617
0,35587
0,35625
0,35589
0,35629
0,35654
0,35699
0,35672
0,35616
0,35630
0,35640
0,35596
0,35610
0,35659
0,35595
0,35589
0,35587
0,35588
0,35624
0,35593
0,35624
0,35626
0,35678
0,35627
0,35626
0,35598
0,35615
0,35608
0,35661
0,35634
0,35677
0,35608
0,35601
0,35653
0,35650
0,35605
0,35620
0,35633
0,35595
0,35662
0,35613
0,35645
0,35583
0,35620
0,35614
0,35575
0,35631
0,35666
0,35652
0,35581
0,35656
0,35586
0,35609
0,35619
0,35651
0,35726
0,35753
0,35653
0,35677
0,35613
0,35616
0,35698
0,35625
0,35596
0,35594
0,35578
0,35639
0,35735
0,35614
0,35591
0,35623
0,35644
0,35654
0,35590
0,35596
0,35591
0,35614
0,35650
0,35689
0,35608
0,35589
0,35600
0,35613
0,35626
0,35583
0,35660
0,35666
0,35585
