0,02027
0,01379
0,02042
0,02081
0,02041
0,01634
0,01677
0,01707
0,01971
0,02017
0,01990
0,01761
0,01902
0,02090
0,01858
0,02090
0,01847
0,01645
0,01363
0,01569
0,01926
0,01797
0,01763
0,02065
0,01978
0,01636
0,02031
0,02080
0,02057
0,02083
0,01884
0,02015
0,01817
0,01866
0,01484
0,01872
0,01845
0,02033
0,01925
0,01988
0,01632
0,01811
0,01482
0,01960
0,01992
0,01568
0,01684
0,01911
0,01862
0,01841
0,02045
0,01632
0,01963
0,01742
0,02141
0,01914
0,01962
0,02077
0,01819
0,01589
0,01713
0,02096
0,01663
0,02102
0,01919
0,01824
0,01700
0,01123
0,00808
0,01705
0,01515
0,01917
0,01948
0,01350
0,01853
0,02041
0,02052
0,02137
0,01781
0,01008
0,01868
0,02018
0,01889
0,01764
0,01675
0,02052
0,02005
0,02071
0,01938
0,01686
0,01443
0,01932
0,02079
0,02034
0,01902
0,01872
0,02116
0,01640
0,01609
0,02120
