0,75380
0,40169
0,45127
0,71568
0,72735
0,26138
0,29252
0,35538
0,89805
0,21169
0,41334
0,82163
0,27197
0,62676
0,69225
0,27733
0,16946
0,26563
0,27367
0,78575
0,77906
0,83748
0,71397
0,66931
0,81189
0,71838
0,66003
0,30705
0,19322
0,18306
0,77061
0,34159
0,21586
0,16864
0,20611
0,73129
0,15960
0,71663
0,79852
0,38226
0,39456
1,06464
0,98018
0,17196
0,18720
0,78166
0,19176
0,20007
0,38840
0,17953
0,63091
0,18024
0,20903
0,44241
0,20668
0,71384
0,20169
0,63236
0,18063
0,83622
0,34590
0,68205
0,68324
0,57969
0,79783
0,73096
0,16846
0,65965
0,72710
0,21470
0,39193
0,30440
0,69194
0,27276
0,20906
0,24655
0,67181
0,31455
0,69659
0,19971
0,81899
0,38522
0,35292
0,23743
0,38307
0,20255
0,18354
0,22620
0,65684
0,19487
0,24783
0,65383
0,98541
0,18717
0,81557
0,24538
0,81465
0,30128
0,65428
0,19533
