0,00466
0,00590
0,08886
0,00446
0,00467
0,00668
0,00610
0,00598
0,00542
0,00670
0,00602
0,00509
0,00522
0,00498
0,00490
0,00536
0,00689
0,00505
0,00587
0,00433
0,00394
0,00465
0,00488
0,00418
0,00421
0,00429
0,00456
0,00653
0,00610
0,00657
0,00405
0,00664
0,00596
0,00709
0,00586
0,00454
0,00653
0,00486
0,00449
0,00602
0,00570
0,00515
0,00499
0,00690
0,00704
0,00453
0,00648
0,00555
0,00601
0,00768
0,00507
0,00649
0,00580
0,00522
0,00644
0,00459
0,00644
0,00565
0,00629
0,00498
0,00622
0,00780
0,00509
0,00572
0,00424
0,00456
0,00709
0,00524
0,00512
0,00602
0,00619
0,00465
0,00545
0,00625
0,00626
0,00555
0,00485
0,00656
0,00497
0,00604
0,00475
0,00608
0,00624
0,00646
0,00637
0,00572
0,00783
0,00638
0,00522
0,00607
0,00627
0,00480
0,00399
0,00671
0,00455
0,00508
0,00369
0,01190
0,00572
0,00589
