0,72903
0,71819
1,02119
0,71679
0,75122
0,72425
0,69167
0,70824
0,75233
0,73164
0,63024
0,74869
0,77667
0,67962
0,72561
0,73356
0,62351
0,70672
0,71455
0,73712
0,72357
0,74935
0,73437
0,73030
0,74675
0,73488
0,71479
0,84987
0,65815
0,67476
0,72775
0,69709
0,73576
0,65168
0,73494
0,71136
0,61383
0,73596
0,70113
0,74423
0,75576
0,71806
0,77179
0,65479
0,72352
0,72433
0,73707
0,64595
0,69884
0,71202
0,72109
0,65071
0,70130
0,67267
0,66272
0,70082
0,66401
0,73492
0,68304
0,72207
0,70157
0,78801
0,70318
0,80232
0,73006
0,71855
0,64073
0,74504
0,75654
0,72654
0,74132
0,79748
0,72840
0,74614
0,72446
0,73481
0,71537
0,70944
0,72657
0,66155
0,74213
0,73903
0,65491
0,70292
0,66770
0,69217
0,71110
0,69920
0,69632
0,68243
0,74667
0,70399
0,71971
0,69032
0,76405
0,68652
0,72219
0,76556
0,70275
0,68900
