0,27805
0,43611
0,35261
0,28137
0,28003
0,32400
0,42155
0,41613
0,37987
0,32909
0,49130
0,37072
0,32237
0,29822
0,28456
0,32354
0,34408
0,32251
0,32289
0,27690
0,27714
0,34102
0,28152
0,28854
0,27673
0,28103
0,29055
0,32004
0,33415
0,33752
0,27740
0,41605
0,32925
0,33983
0,33264
0,27972
0,34370
0,28125
0,34530
0,43641
0,43931
0,48697
0,35922
0,33968
0,33452
0,27702
0,33315
0,33243
0,48344
0,33676
0,29715
0,33842
0,33046
0,47207
0,33082
0,28163
0,33366
0,64272
0,33753
0,36702
0,41161
0,66754
0,28611
0,43217
0,27686
0,27976
0,33985
0,29054
0,28005
0,32924
0,43292
0,31958
0,28452
0,32284
0,33045
0,33543
0,28801
0,41288
0,28381
0,33320
0,34196
0,43440
0,44647
0,33009
0,48409
0,33142
0,33864
0,32818
0,29127
0,33390
0,33810
0,29188
0,41006
0,33485
0,27668
0,32567
0,27685
0,33024
0,65664
0,33256
