0,10896
0,10883
0,08724
0,10826
0,08729
0,11755
0,15350
0,08454
0,09861
0,11171
0,12194
0,11395
0,10275
0,12180
0,09709
0,11092
0,11717
0,12653
0,12418
0,09821
0,13755
0,10826
0,12675
0,11806
0,11806
0,12653
0,11276
0,11806
0,10760
0,10839
0,11681
0,12014
0,13374
0,12653
0,10572
0,09250
0,10450
0,12174
0,11806
0,12485
0,10752
0,12862
0,11906
0,11806
0,11219
0,13444
0,12653
0,10084
0,10437
0,08904
0,09709
0,08996
0,16072
0,11161
0,12653
0,09286
0,09265
0,11751
0,12144
0,11806
0,10786
0,13256
0,13374
0,10826
0,12234
0,09950
0,12414
0,09951
0,11909
0,13374
0,09805
0,10433
0,10004
0,10826
0,12883
0,12653
0,12107
0,12653
0,10213
0,12565
0,10618
0,11225
0,11271
0,10441
0,12653
0,15638
0,10873
0,09709
0,09136
0,08252
0,10348
0,10401
0,10826
0,08433
0,09829
0,13374
0,11575
0,11204
0,13974
0,12298
