0,35533
0,35530
0,35539
0,35538
0,35546
0,35532
0,34943
0,35535
0,35542
0,35492
0,35462
0,35532
0,35541
0,35519
0,35538
0,35528
0,35541
0,35502
0,35513
0,35526
0,35447
0,35532
0,35499
0,35506
0,35521
0,35451
0,35533
0,35528
0,35539
0,35528
0,35411
0,35516
0,35485
0,35505
0,35538
0,35538
0,35542
0,35517
0,35529
0,35493
0,35544
0,35471
0,35508
0,35521
0,35532
0,35451
0,35480
0,35543
0,35543
0,35539
0,35543
0,35534
0,35656
0,35537
0,35497
0,35539
0,35530
0,35528
0,35516
0,35517
0,35541
0,35479
0,35468
0,35534
0,35493
0,35542
0,35514
0,35536
0,35527
0,35475
0,35545
0,35537
0,35540
0,35518
0,35474
0,35503
0,35519
0,35500
0,35538
0,35513
0,35538
0,35533
0,35532
0,35541
0,35501
0,34514
0,35534
0,35542
0,35542
0,35551
0,35540
0,35540
0,35538
0,35538
0,35538
0,35472
0,35530
0,35540
0,35402
0,35516
