0,35981
0,36747
0,33340
0,34744
0,33120
0,35869
0,54781
0,35767
0,33760
0,41627
0,42002
0,34948
0,34284
0,36634
0,34698
0,37456
0,34243
0,38278
0,36716
0,37154
0,39714
0,36159
0,37700
0,38788
0,36622
0,42260
0,35414
0,35830
0,34943
0,36556
0,44137
0,36413
0,36791
0,37453
0,34898
0,33876
0,34930
0,36269
0,35714
0,39491
0,35811
0,40614
0,39406
0,37292
0,35681
0,40464
0,40449
0,33993
0,34724
0,33344
0,34075
0,35480
0,74216
0,34773
0,37760
0,33647
0,36399
0,36618
0,36330
0,38337
0,33986
0,38626
0,39180
0,35376
0,39284
0,33810
0,36164
0,35627
0,36089
0,38500
0,34295
0,35253
0,34596
0,38165
0,40892
0,36634
0,36290
0,37302
0,35624
0,35817
0,35458
0,35096
0,35418
0,34079
0,37709
0,63248
0,35687
0,34180
0,33976
0,32392
0,34493
0,34751
0,34816
0,33758
0,35557
0,38866
0,35939
0,35543
0,43189
0,36616
