0,02287
0,02315
0,02315
0,02350
0,02236
0,02367
0,02439
0,02270
0,02276
0,02394
0,02304
0,02293
0,02306
0,02226
0,02329
0,02399
0,02160
0,02379
0,02315
0,02266
0,02349
0,02339
0,02216
0,02338
0,02262
0,02375
0,02280
0,02347
0,02329
0,02338
0,02351
0,02311
0,02214
0,02353
0,02340
0,02343
0,02409
0,02342
0,02377
0,02368
0,02180
0,02392
0,02366
0,02424
0,02345
0,02351
0,02351
0,02383
0,02395
0,02325
0,02351
0,02330
0,02897
0,02219
0,02271
0,02343
0,02349
0,02386
0,02351
0,02277
0,02314
0,02326
0,02335
0,02292
0,02298
0,02374
0,02317
0,02381
0,02203
0,02320
0,02366
0,02338
0,02358
0,02321
0,02370
0,02233
0,02355
0,02255
0,02394
0,02308
0,02403
0,02310
0,02296
0,02318
0,02357
0,02590
0,02341
0,02283
0,02244
0,02167
0,02285
0,02273
0,02318
0,02296
0,02371
0,02323
0,02246
0,02213
0,02374
0,02381
