1,12563
0,80724
0,82702
0,81969
0,81968
0,73531
1,13001
1,10826
0,58390
1,00495
1,28731
0,54611
0,93241
0,87440
0,74340
0,84174
1,08544
1,01311
0,97300
1,09545
0,86175
1,02098
0,89752
1,10767
1,06376
1,06699
1,01802
0,67155
1,01860
1,16389
1,59339
0,70748
0,93166
1,07125
1,51357
0,90857
1,06239
0,98544
0,49934
1,00835
0,87528
0,89848
1,00881
0,90340
0,91003
0,86188
1,09686
0,91303
0,46867
0,85659
1,11148
0,87527
0,87717
0,88686
1,07925
0,84533
0,30079
1,00640
0,83509
0,80197
1,05569
0,95347
0,91889
0,99729
0,93181
0,93540
0,27598
0,99459
0,87084
1,06424
1,30391
1,15794
0,76553
0,86614
0,59648
0,32517
0,84587
0,92712
0,85534
1,02340
0,89293
0,86347
0,93733
0,89002
1,17959
0,31339
1,14896
1,15576
1,02588
0,77892
1,28527
0,38952
0,74669
0,89805
0,87554
0,57249
0,89026
1,01557
0,91112
0,89375
