0,66745
0,61665
0,62901
0,61561
0,61340
0,72964
0,70508
0,66388
0,79743
0,64298
0,76524
0,78053
0,63539
0,63123
0,79127
0,64154
0,64158
0,66783
0,62330
0,65831
0,63325
0,67990
0,64076
0,66955
0,74418
0,67483
0,63416
0,83297
0,67881
0,69275
0,79107
0,84096
0,65044
0,64993
0,73525
0,62998
0,64321
0,66494
0,77140
0,66401
0,61540
0,62900
0,68248
0,64560
0,65553
0,62078
0,65609
0,63707
0,75271
0,63255
0,71284
0,62515
0,66122
0,61865
0,68499
0,61841
0,69274
0,62808
0,62519
0,60854
0,65728
0,66510
0,63623
0,67594
0,64082
0,64367
0,74107
0,67045
0,64456
0,63672
0,68125
0,68476
0,82016
0,63886
0,81731
0,80044
0,64543
0,65658
0,61839
0,69051
0,62828
0,64420
0,67934
0,70350
0,69250
0,76527
0,66880
0,70880
0,63319
0,61580
0,70887
0,79014
0,73298
0,63497
0,63273
0,79380
0,61373
0,62673
0,63862
0,65510
