0,35478
0,34445
0,27710
0,27710
0,27708
0,60739
0,34584
0,39852
0,49622
0,33244
0,24916
0,46162
0,27229
0,27661
0,52575
0,27706
0,37160
0,33481
0,33718
0,36982
0,27686
0,36040
0,27556
0,32329
0,35069
0,37666
0,35756
0,48759
0,25329
0,33832
0,52182
0,46646
0,27238
0,37593
0,52849
0,27478
0,37654
0,26247
0,38602
0,25635
0,27658
0,27538
0,25621
0,27517
0,33885
0,27690
0,38251
0,27438
0,35835
0,27698
0,39245
0,27657
0,27638
0,27613
0,39630
0,27704
0,32194
0,36189
0,27709
0,27713
0,32578
0,26910
0,27385
0,35085
0,27233
0,27190
0,31980
0,26015
0,27668
0,34810
0,47358
0,36901
0,49626
0,27681
0,44554
0,31793
0,27705
0,27294
0,27700
0,25171
0,33793
0,27684
0,27151
0,27570
0,33140
0,31913
0,42498
0,31006
0,33321
0,27743
0,45326
0,34837
0,63612
0,27553
0,27656
0,39358
0,27598
0,35755
0,27450
0,27566
