0,00197
0,00490
0,00213
0,00166
0,00170
0,00229
0,00222
0,00228
0,01157
0,00239
0,00220
0,00397
0,00155
0,00177
0,05002
0,00212
0,00165
0,00348
0,00163
0,00195
0,00244
0,00389
0,00168
0,00210
0,00946
0,00476
0,00170
0,01009
0,00166
0,00230
0,00314
0,06266
0,00215
0,00180
0,00171
0,00175
0,00249
0,00175
0,00946
0,00157
0,00175
0,00337
0,00160
0,00192
0,00306
0,00160
0,00212
0,00176
0,00377
0,00184
0,00677
0,00188
0,00301
0,00156
0,00379
0,00233
0,00200
0,00189
0,00197
0,00149
0,00302
0,00181
0,00179
0,00249
0,00210
0,00198
0,00608
0,00193
0,00255
0,00166
0,00192
0,00240
0,04880
0,00208
0,05787
0,00822
0,00253
0,00204
0,00164
0,00184
0,00188
0,00254
0,00369
0,00420
0,00164
0,00649
0,00228
0,00270
0,00202
0,00164
0,00293
0,00798
0,00265
0,00186
0,00191
0,00253
0,00162
0,00145
0,00298
0,00252
