5,59288
8,03412
5,59444
3,59493
4,78623
11,60191
8,44561
7,00531
11,14472
7,42360
16,22136
9,98426
6,00391
11,75858
9,86473
4,33232
18,68657
4,11021
4,51130
14,95007
5,33624
5,30665
1,51603
20,26072
4,03724
2,44491
22,19069
1,01128
25,43672
10,25249
31,53156
25,23180
14,68384
17,53261
25,21948
5,56478
23,05612
4,43064
4,04574
13,41161
18,92090
5,55437
11,05945
11,94828
3,67360
8,57739
7,56846
3,02700
6,49030
7,19594
17,78479
5,79736
6,03815
3,88684
6,93306
5,25318
18,41862
4,86712
6,54945
3,39213
6,01693
14,09092
2,59127
8,21119
4,60594
7,10771
7,85139
3,27337
4,94870
8,07459
8,68013
6,97177
26,17719
4,59944
7,74864
13,08114
14,39312
9,82174
2,52474
11,19201
8,27997
30,65588
7,67534
1,16058
15,02718
17,02784
5,60268
26,07112
50,49774
21,44427
4,14895
5,26131
14,34968
9,48101
3,93314
7,39714
4,29680
2,50528
5,65030
9,15183
