19,43341
2,59402
9,75075
12,80022
20,68334
4,61523
33,72243
72,59052
10,82999
20,56173
54,99516
179,04738
20,03201
19,99241
0,58455
148,32931
17,03621
0,07255
46,86443
25,73208
106,33804
192,15716
0,02827
36,30546
0,29984
12,14563
3,99996
0,02070
3,40963
160,47862
0,37969
19,68837
23,67394
35,89732
3,68101
63,35731
2,68373
0,07582
5,76833
22,75617
0,35596
0,17855
18,47223
15,40992
137,51342
0,29862
186,58539
0,04654
19,50418
12,58849
42,88405
0,12268
12,76526
12,21509
29,11037
9,38571
0,41109
11,73700
0,06698
0,53095
69,39976
1,35677
2,53165
11,37258
100,60742
0,16414
0,20395
0,02449
11,91154
47,60437
16,82906
1,03045
8,50123
120,71829
0,12238
16,11295
59,62548
51,35046
0,17636
9,46296
33,93561
0,33136
125,42630
322,35874
28,48616
11,29832
0,26586
60,67083
108,17103
0,18138
113,07763
26,66531
12,16664
5,84183
40,81895
14,82844
0,19485
0,10391
84,59021
28,41240
