1,44891
1,06691
1,42932
1,41521
1,45279
1,09492
1,45112
1,29849
1,31132
1,33392
1,25075
0,90455
1,40322
1,44905
0,77124
0,77661
1,41519
0,69591
1,45154
1,29415
0,96369
0,78043
0,62198
1,43652
0,70995
1,46617
0,79711
0,59054
0,96002
1,18286
0,62779
1,41400
1,24735
1,36975
0,82691
1,31702
0,75918
0,64250
1,44991
1,44345
0,64078
0,68530
1,36139
1,44444
0,89221
0,64153
0,92194
0,62593
1,44220
1,27366
0,89333
0,63712
1,43843
1,45607
1,27273
1,10957
0,63889
1,43975
0,63790
0,83429
1,18895
0,95997
1,26352
1,43160
0,89803
0,63506
0,82389
0,66939
1,39265
1,34909
1,43019
1,04939
1,14414
1,30185
0,63170
1,44730
1,36899
0,86300
0,67005
1,35380
1,42691
0,69760
0,83207
0,89229
1,44164
1,38668
0,69388
0,70114
0,93298
0,62886
0,86193
1,31750
1,42035
1,41704
1,35214
1,24494
0,68415
0,68595
0,72515
0,62867
