264,07578
1104,59291
82,46095
117,10139
1418,29267
1161,23225
6412,97971
985,64188
1940,52681
774,57686
5676,32933
2499,21064
4392,73465
381,97872
881,34076
494,20838
768,48836
153,16516
370,13187
1033,10859
1514,16238
4383,20986
24,57320
7160,59770
145,93266
55,36139
3937,91125
12,49242
5083,68097
6295,86411
7929,21769
5984,53157
8915,59445
4287,62185
5175,99224
656,98538
4461,02849
173,41795
79,60134
1338,72737
2910,70636
270,15935
2428,12440
1277,14950
1195,11566
615,85993
5569,32911
85,00434
2711,73583
527,86479
1930,30070
288,71603
884,67460
287,00894
900,13518
968,89457
2752,88605
490,30850
354,30602
107,88772
3541,07338
1737,45875
101,81674
4575,90211
175,72593
428,57697
482,83865
87,00845
223,27332
2518,69874
348,73594
569,03823
7120,55856
100,30057
504,89259
4480,35467
699,26924
1236,25943
60,65865
3988,35195
6165,04296
6296,54850
4188,43992
1878,37362
645,19271
3246,66429
272,68923
8252,60937
561,45307
3699,19020
830,93416
5994,51143
802,73120
2854,68267
175,41928
326,91465
165,35801
60,46847
3660,65299
275,25089
