0,00152
0,00030
0,00080
0,00075
0,00077
0,00140
0,00101
0,00041
0,00032
0,00122
0,00099
0,00198
0,00501
0,00036
0,00114
0,00143
0,00050
0,00110
0,00064
0,00084
0,00051
0,00095
0,00169
0,00056
0,00164
0,00054
0,00039
0,00161
0,00128
0,00063
0,00055
0,00152
0,00077
0,00090
0,00041
0,00095
0,00048
0,00112
0,00112
0,00097
0,00048
0,00067
0,00072
0,00026
0,00037
0,00172
0,00151
0,00052
0,00058
0,00133
0,00094
0,00148
0,00046
0,00044
0,00196
0,00064
0,00225
0,00193
0,00063
0,00037
0,00056
0,00016
0,00088
0,00063
0,00075
0,00063
0,00042
0,00076
0,00055
0,00040
0,00078
0,00118
0,00010
0,00092
0,00061
0,00082
0,00078
0,00213
0,00065
0,00155
0,00065
0,00037
0,00046
0,00111
0,00151
0,00056
0,00313
0,00043
0,00221
0,00044
0,00079
0,00346
0,00091
0,00042
0,00086
0,00053
0,00026
0,00204
0,00082
0,00081
