0,50713
0,00258
0,00264
0,00257
0,00257
0,75970
0,25508
0,00256
0,00254
0,75982
0,50744
0,50706
2,52604
0,00252
0,50735
0,25501
0,00256
0,50740
0,00259
0,00269
0,00255
0,25505
0,75983
0,00257
0,25506
0,00260
0,00257
0,75929
0,25504
0,25491
0,00260
0,50742
0,25495
0,50735
0,00257
0,25494
0,00257
0,00268
0,25497
0,25498
0,00255
0,00258
0,25503
0,00256
0,00257
0,50759
0,25510
0,00253
0,00257
0,50711
0,25488
0,50747
0,00260
0,00259
0,50755
0,00250
0,75986
0,50751
0,00257
0,00254
0,00255
0,00252
0,00260
0,00260
0,00260
0,25495
0,00259
0,00263
0,00253
0,00254
0,00266
0,75993
0,00253
0,00259
0,00262
0,00261
0,00262
0,50728
0,00255
0,50738
0,00257
0,00254
0,00260
0,25505
0,25505
0,00259
1,51692
0,00259
0,50732
0,00255
0,00263
0,75919
0,00266
0,00260
0,00271
0,00253
0,00253
0,25498
0,00268
0,00262
