0,49658
0,01647
0,03742
0,03419
0,03375
0,52129
0,42610
0,02233
0,01486
0,52057
0,49174
0,50010
0,57052
0,02014
0,49350
0,43344
0,02652
0,49292
0,03238
0,03634
0,02656
0,42643
0,52369
0,02614
0,43124
0,02731
0,02096
0,52324
0,43042
0,42231
0,02685
0,49607
0,42388
0,49112
0,02057
0,42450
0,02502
0,05315
0,42762
0,42532
0,02471
0,02898
0,42354
0,01626
0,01907
0,49720
0,43088
0,02485
0,02851
0,49451
0,42601
0,49588
0,02405
0,02149
0,49994
0,02963
0,52631
0,49971
0,02829
0,01817
0,02912
0,01133
0,04291
0,03067
0,03651
0,42267
0,02302
0,03272
0,02698
0,02158
0,03511
0,52093
0,00857
0,04353
0,02956
0,04100
0,03828
0,50087
0,03408
0,49715
0,03236
0,02097
0,02472
0,42898
0,43107
0,02760
0,55709
0,02287
0,50158
0,02277
0,03464
0,53190
0,04458
0,02283
0,03915
0,02699
0,01530
0,43907
0,03956
0,03623
