4,48122
0,49488
0,49488
0,49488
0,49488
7,97270
1,98862
0,49488
0,49488
7,97270
4,48124
4,48120
60,38079
0,49488
4,48123
1,98861
0,49488
4,48123
0,49488
0,49488
0,49488
1,98862
7,97268
0,49488
1,98860
0,49488
0,49488
7,97269
1,98862
1,98863
0,49488
4,48122
1,98863
4,48123
0,49488
1,98862
0,49488
0,49487
1,98862
1,98862
0,49488
0,49488
1,98863
0,49489
0,49488
4,48121
1,98861
0,49488
0,49488
4,48122
1,98862
4,48122
0,49488
0,49488
4,48120
0,49488
7,97265
4,48120
0,49488
0,49488
0,49488
0,49489
0,49488
0,49488
0,49488
1,98863
0,49488
0,49488
0,49488
0,49488
0,49488
7,97270
0,49489
0,49488
0,49488
0,49488
0,49488
4,48119
0,49488
4,48122
0,49488
0,49488
0,49488
1,98862
1,98861
0,49488
24,44016
0,49488
4,48118
0,49488
0,49488
7,97257
0,49488
0,49488
0,49488
0,49488
0,49489
1,98858
0,49488
0,49488
