0,00785
0,00951
0,00737
0,00717
0,14201
0,00923
0,00779
0,00788
0,00882
0,00863
0,00941
0,00849
0,00797
0,00845
0,00898
0,00771
0,00854
0,00842
0,00765
0,00808
0,00837
0,00837
0,00829
0,00683
0,00772
0,00923
0,00680
0,00702
0,00828
0,00677
0,00726
0,00769
0,00870
0,00718
0,00794
0,00716
0,00910
0,00846
0,00786
0,00855
0,00559
0,00753
0,00739
0,00916
0,00935
0,00928
0,00735
0,00871
0,00852
0,00839
0,00739
0,00820
0,00743
0,00839
0,00891
0,00770
0,00751
0,00877
0,00784
0,00880
0,00864
0,00799
0,00790
0,00725
0,00837
0,00767
0,00776
0,00877
0,00857
0,00781
0,00864
0,00816
0,00814
0,00782
0,00785
0,00776
0,00795
0,00765
0,00842
0,00751
0,00807
0,00856
0,00839
0,00643
0,00821
0,00791
0,00805
0,00763
0,00885
0,00722
0,00827
0,00768
0,00846
0,00771
0,00942
0,00781
0,00831
0,00764
0,00877
0,00805
