0,36004
0,44449
0,38923
0,38563
0,99168
0,53360
0,41426
0,38642
0,42550
0,49136
0,46347
0,40496
0,41861
0,44099
0,43403
0,39209
0,42662
0,41553
0,35191
0,42665
0,35665
0,41845
0,41319
0,33973
0,39601
0,47519
0,37415
0,35782
0,38605
0,41573
0,39489
0,40199
0,44907
0,34474
0,40685
0,39190
0,44828
0,43623
0,41893
0,41869
0,35336
0,36923
0,37542
0,46482
0,47797
0,44966
0,34042
0,40805
0,43031
0,40767
0,34940
0,42506
0,38292
0,43114
0,43644
0,42196
0,42962
0,44115
0,36548
0,45358
0,43195
0,39926
0,42553
0,39334
0,41033
0,43479
0,35968
0,41381
0,40150
0,38591
0,42496
0,40590
0,42854
0,36682
0,39641
0,41988
0,41604
0,38987
0,41414
0,39844
0,43188
0,38552
0,41955
0,37984
0,41146
0,41435
0,42020
0,39171
0,45178
0,35139
0,40163
0,34121
0,39571
0,39077
0,42588
0,41207
0,44160
0,37728
0,40122
0,45109
