0,00503
0,00557
0,00616
0,00559
0,00657
0,00703
0,00675
0,00692
0,00706
0,00962
0,00649
0,00521
0,01131
0,00642
0,00563
0,00648
0,00717
0,00590
0,00567
0,00809
0,00644
0,00775
0,00518
0,00700
0,00738
0,00672
0,00698
0,00735
0,00655
0,02529
0,00970
0,00999
0,00499
0,00727
0,00685
0,00781
0,00728
0,00973
0,00810
0,00573
0,00725
0,00867
0,00888
0,00607
0,00640
0,00721
0,00910
0,00524
0,00770
0,00793
0,00580
0,00666
0,00769
0,00563
0,00619
0,00871
0,00662
0,00664
0,00580
0,00782
0,00564
0,00750
0,00741
0,00775
0,00748
0,00642
0,01065
0,00613
0,00750
0,00581
0,00570
0,00645
0,00715
0,00680
0,00717
0,00662
0,00599
0,00630
0,00727
0,00576
0,00740
0,00595
0,00779
0,00653
0,00591
0,00662
0,00671
0,00625
0,00517
0,00601
0,00631
0,00647
0,00785
0,00550
0,00826
0,00774
0,00799
0,00632
0,00661
0,00660
