0,49543
0,49496
0,49509
0,49616
0,49779
0,49309
0,49715
0,49743
0,49748
0,49481
0,49407
0,49459
0,49959
0,49823
0,49347
0,49857
0,49547
0,49403
0,49619
0,50590
0,49901
0,49637
0,49506
0,49472
0,49762
0,49410
0,50121
0,49779
0,49921
0,49993
0,50306
0,49404
0,49434
0,49739
0,49531
0,50299
0,49368
0,50739
0,49913
0,49504
0,49810
0,50912
0,50174
0,49511
0,49442
0,49770
0,50230
0,49404
0,49930
0,50658
0,49487
0,49617
0,50260
0,49440
0,49557
0,49601
0,49471
0,50086
0,49575
0,49610
0,49437
0,49506
0,49616
0,49979
0,50035
0,49399
0,51162
0,49775
0,50248
0,49551
0,49516
0,49480
0,49645
0,49675
0,49580
0,49560
0,49762
0,49470
0,50144
0,49428
0,49647
0,49482
0,49467
0,49537
0,49650
0,49725
0,49655
0,49815
0,49378
0,49770
0,49789
0,49551
0,50128
0,49526
0,49368
0,49396
0,49354
0,49793
0,49679
0,49698
