0,00256
0,00256
0,00263
0,00262
0,00256
0,00260
0,00262
0,00260
0,00258
0,00260
0,00254
0,00260
0,00270
0,00263
0,00257
0,00262
0,00265
0,00262
0,00261
0,00262
0,00254
0,00267
0,00255
0,00254
0,00256
0,00267
0,00259
0,00257
0,00263
0,00253
0,00255
0,00267
0,00258
0,00269
0,00254
0,00258
0,00265
0,00259
0,00258
0,00256
0,00259
0,00262
0,00253
0,00259
0,00259
0,00255
0,00277
0,00252
0,00261
0,00271
0,00257
0,00256
0,00259
0,00252
0,00262
0,00259
0,00258
0,00252
0,00262
0,00254
0,00258
0,00256
0,00262
0,00265
0,00258
0,00260
0,00261
0,00264
0,00257
0,00257
0,00259
0,00256
0,00261
0,00258
0,00258
0,00261
0,00253
0,00255
0,00265
0,00259
0,00263
0,00260
0,00253
0,00255
0,00254
0,00259
0,00254
0,00261
0,00258
0,00269
0,00259
0,00255
0,00266
0,00260
0,00264
0,00254
0,00254
0,00259
0,00256
0,00269
