0,02809
0,02285
0,02839
0,03184
0,03427
0,03054
0,02909
0,03359
0,03020
0,03478
0,01638
0,02257
0,03410
0,03880
0,03637
0,02699
0,04923
0,03014
0,04337
0,03924
0,02730
0,04230
0,02307
0,02122
0,03236
0,03491
0,03323
0,02139
0,03047
0,02223
0,01982
0,03120
0,02328
0,03731
0,03588
0,03166
0,03915
0,02639
0,02253
0,02415
0,02197
0,03232
0,01810
0,02357
0,03614
0,02251
0,04296
0,01696
0,03583
0,03140
0,02275
0,02427
0,03508
0,01989
0,03473
0,03090
0,02744
0,01655
0,03506
0,01677
0,02003
0,03175
0,03894
0,03406
0,03190
0,03029
0,04369
0,03365
0,02209
0,02717
0,02626
0,01962
0,03818
0,02197
0,01897
0,03088
0,02134
0,02463
0,03980
0,02921
0,03288
0,02980
0,02600
0,02311
0,02608
0,02102
0,02100
0,02405
0,02992
0,06848
0,02743
0,02921
0,03043
0,03819
0,03203
0,01783
0,02780
0,02883
0,01907
0,04261
