0,49491
0,49490
0,49490
0,49491
0,49490
0,49491
0,49490
0,49490
0,49489
0,49490
0,49491
0,49490
0,49490
0,49490
0,49490
0,49490
0,49490
0,49490
0,49489
0,49490
0,49491
0,49491
0,49490
0,49490
0,49490
0,49491
0,49490
0,49490
0,49491
0,49490
0,49490
0,49491
0,49491
0,49490
0,49490
0,49490
0,49490
0,49491
0,49491
0,49491
0,49491
0,49490
0,49490
0,49490
0,49490
0,49490
0,49490
0,49490
0,49490
0,49491
0,49491
0,49490
0,49490
0,49490
0,49490
0,49490
0,49491
0,49490
0,49490
0,49490
0,49490
0,49491
0,49490
0,49490
0,49490
0,49491
0,49490
0,49491
0,49489
0,49490
0,49490
0,49490
0,49490
0,49490
0,49490
0,49490
0,49491
0,49491
0,49491
0,49490
0,49490
0,49490
0,49490
0,49491
0,49491
0,49491
0,49490
0,49491
0,49490
0,49489
0,49490
0,49490
0,49490
0,49491
0,49490
0,49490
0,49490
0,49491
0,49490
0,49490
