0,00335
0,00476
0,00454
0,00313
0,00456
0,00402
0,00428
0,00558
0,00562
0,00431
0,00376
0,00423
0,00432
0,00331
0,00422
0,00502
0,00332
0,00437
0,00648
0,00465
0,00386
0,00421
0,00409
0,00494
0,00472
0,00370
0,00340
0,00413
0,00396
0,00789
0,00435
0,00383
0,00412
0,00402
0,00441
0,00475
0,00400
0,00532
0,00457
0,00439
0,00417
0,00493
0,00489
0,00457
0,00395
0,00418
0,00472
0,00414
0,00353
0,00486
0,00359
0,00411
0,00321
0,00512
0,00564
0,00376
0,00515
0,00401
0,00515
0,00539
0,00619
0,00421
0,00345
0,00352
0,00492
0,00723
0,00557
0,00399
0,00470
0,00370
0,02100
0,00513
0,00464
0,00403
0,00412
0,00390
0,00345
0,00353
0,00448
0,00442
0,00507
0,00420
0,00470
0,00604
0,00336
0,00493
0,00415
0,00337
0,00398
0,00409
0,00596
0,00420
0,00451
0,00541
0,00379
0,00464
0,00363
0,00483
0,00458
0,00412
