0,00340
0,00329
0,00308
0,00239
0,00286
0,75757
0,00283
0,00338
0,00333
0,00289
0,00279
0,00303
0,00309
0,00272
0,00315
0,00312
0,00253
0,00261
0,00313
0,00263
0,00258
0,00334
0,00297
0,00335
0,00248
0,00286
0,00244
0,00250
0,00309
0,00408
0,11089
0,00252
0,00301
0,00274
0,00261
0,00286
0,00289
0,00325
0,00357
0,00329
0,00315
0,01042
0,00275
0,00312
0,00274
0,00289
0,00214
0,00298
0,00275
0,00316
0,00273
0,00273
0,00226
0,00756
0,00263
0,00239
0,00306
0,00259
4,74624
0,00268
0,00331
0,00218
0,00226
0,00272
0,00272
0,00315
0,00269
0,00273
0,00275
0,00337
0,01510
0,09686
0,38244
0,00750
0,00281
0,00334
0,00254
0,00233
0,00259
0,00291
1,80413
0,00269
0,00256
0,00520
0,00222
0,00282
0,00408
10,67079
0,00250
0,00342
0,00331
0,00242
0,00263
0,00277
0,00244
0,00274
0,00322
0,00298
0,00245
0,00313
