0,49635
0,49603
0,50005
0,49483
0,49783
0,45996
0,49588
0,50278
0,50251
0,49704
0,49726
0,49763
0,49749
0,49501
0,49801
0,49995
0,49558
0,49697
0,50633
0,49751
0,49641
0,49756
0,49776
0,50149
0,49859
0,49563
0,49542
0,49710
0,49691
0,51043
0,49097
0,49575
0,49737
0,49758
0,49836
0,49843
0,49658
0,50211
0,49706
0,49861
0,49771
0,49694
0,49893
0,49837
0,49704
0,49805
0,49869
0,49811
0,49626
0,49999
0,49595
0,49818
0,49559
0,49939
0,49924
0,49680
0,49949
0,49660
0,26324
0,50357
0,50440
0,49813
0,49589
0,49664
0,50086
0,50839
0,50126
0,49586
0,49800
0,49496
0,49534
0,50059
0,47813
0,49802
0,49865
0,49590
0,49618
0,49586
0,49934
0,49692
0,50035
0,49869
0,50082
0,50484
0,49579
0,49844
0,49838
-0,04325
0,49835
0,49628
0,50119
0,49597
0,49863
0,50095
0,49647
0,49891
0,49601
0,50097
0,49980
0,49651
