0,15099
0,15258
0,15558
0,11536
0,14886
1,36028
0,14140
0,16203
0,17511
0,15215
0,13744
0,14558
0,14757
0,13170
0,16468
0,14992
0,11848
0,13400
0,16422
0,13569
0,12850
0,15597
0,13309
0,15688
0,11981
0,14534
0,13257
0,12663
0,15155
0,19419
0,90726
0,12937
0,14869
0,15497
0,14119
0,14682
0,14440
0,19035
0,19733
0,16682
0,14287
0,30749
0,16012
0,15424
0,14178
0,15344
0,12114
0,14328
0,12580
0,16079
0,13713
0,14461
0,11468
0,25560
0,14863
0,12676
0,14743
0,11776
1,46730
0,16749
0,19118
0,12045
0,11835
0,14376
0,13569
0,16435
0,13605
0,13235
0,12786
0,16350
0,56640
0,85549
1,25373
0,22483
0,13462
0,15612
0,12904
0,11881
0,13435
0,14500
1,43227
0,12201
0,13989
0,21757
0,11528
0,14230
0,19867
1,47992
0,12320
0,16069
0,17858
0,13820
0,14710
0,13950
0,13143
0,13203
0,14397
0,16012
0,14120
0,14252
