0,40561
0,40311
0,40372
0,40032
0,40784
0,40496
0,40151
0,40416
0,41104
0,40404
0,40693
0,40776
0,40425
0,40467
0,40159
0,40242
0,41061
0,40466
0,40719
0,40703
0,39866
0,40767
0,40445
0,40409
0,39889
0,40578
0,40151
0,41153
0,40588
0,40556
0,40531
0,40374
0,40649
0,40470
0,40662
0,40685
0,40176
0,40642
0,40683
0,40706
0,40568
0,40193
0,40394
0,40201
0,40826
0,40369
0,40724
0,39660
0,40410
0,40441
0,40385
0,40084
0,40375
0,40588
0,40482
0,40658
0,40555
0,40705
0,40752
0,40349
0,39879
0,40220
0,40886
0,40540
0,40897
0,40147
0,40554
0,40714
0,40698
0,40820
0,40159
0,40622
0,40592
0,40350
0,40524
0,40351
0,40341
0,41008
0,40842
0,40593
0,40547
0,40239
0,40600
0,39844
0,40030
0,40713
0,40591
0,40654
0,39986
0,39563
0,40172
0,40641
0,40586
0,40173
0,40552
0,40358
0,40969
0,40328
0,40320
0,40449
