0,59210
0,59237
0,59235
0,59244
0,59226
0,59239
0,59227
0,59233
0,59221
0,59239
0,59212
0,59218
0,59243
0,59226
0,59263
0,59252
0,59226
0,59243
0,59218
0,59224
0,59255
0,59231
0,59234
0,59223
0,59274
0,59226
0,59265
0,59228
0,59224
0,59223
0,59227
0,59224
0,59227
0,59237
0,59223
0,59200
0,59251
0,59231
0,59215
0,59205
0,59221
0,59227
0,59232
0,59244
0,59244
0,59222
0,59233
0,59273
0,59235
0,59243
0,59233
0,59238
0,59234
0,59236
0,59235
0,59237
0,59238
0,59241
0,59221
0,59220
0,59246
0,59243
0,59215
0,59215
0,59222
0,59235
0,59224
0,59221
0,59232
0,59226
0,59244
0,59239
0,59239
0,59234
0,59225
0,59234
0,59231
0,59220
0,59226
0,59221
0,59234
0,59233
0,59214
0,59274
0,59249
0,59217
0,59233
0,59234
0,59253
0,59265
0,59220
0,59237
0,59227
0,59241
0,59246
0,59234
0,59211
0,59238
0,59244
0,59232
