0,01479
0,01424
0,01432
0,01421
0,01463
0,01451
0,01465
0,01445
0,01465
0,01426
0,01479
0,01458
0,01431
0,01445
0,01415
0,01418
0,01474
0,01421
0,01461
0,01470
0,01403
0,01449
0,01441
0,01442
0,01380
0,01446
0,01393
0,01515
0,01464
0,01459
0,01456
0,01448
0,01460
0,01437
0,01454
0,01491
0,01408
0,01456
0,01475
0,01497
0,01458
0,01439
0,01451
0,01435
0,01456
0,01455
0,01452
0,01363
0,01435
0,01440
0,01434
0,01422
0,01442
0,01427
0,01438
0,01448
0,01446
0,01451
0,01489
0,00243
0,01402
0,01422
0,01486
0,01465
0,01459
0,01431
0,01460
0,01467
0,01460
0,01453
0,01408
0,01429
0,01453
0,01454
0,01454
0,01437
0,01454
0,01467
0,01459
0,01452
0,01441
0,01432
0,01463
0,01382
0,01414
0,01472
0,01447
0,01431
0,01403
0,01392
0,00252
0,01444
0,01447
0,01409
0,01421
0,01436
0,01486
0,01428
0,01430
0,01458
