0,04342
0,03811
0,03625
0,04121
0,03696
0,04126
0,03663
0,03750
0,03802
0,03553
0,03908
0,03755
0,05202
0,03926
0,03826
0,04277
0,04457
0,03928
0,03576
0,03927
0,04205
0,04128
0,03969
0,03610
0,04093
0,04195
0,04301
0,04471
0,04148
0,03818
0,04509
0,03877
0,03714
0,04002
0,03365
0,03592
0,03864
0,04704
0,03458
0,03772
0,04018
0,04167
0,03892
0,03798
0,03979
0,04718
0,03919
0,04726
0,04078
0,04732
0,05170
0,03986
0,04093
0,04151
0,04051
0,03662
0,04432
0,04520
0,04011
0,04136
0,04044
0,03671
0,03618
0,03572
0,03713
0,04294
0,04058
0,03782
0,04402
0,04049
0,03789
0,04043
0,04332
0,04045
0,03991
0,03540
0,03886
0,03829
0,03694
0,04041
0,04035
0,04280
0,03896
0,04996
0,03950
0,04018
0,04083
0,03214
0,03794
0,04981
0,04406
0,04435
0,03966
0,03900
0,04207
0,04533
0,03790
0,04480
0,03770
0,04135
