0,00266
0,01532
0,00270
0,00282
0,01515
0,01518
0,01517
0,01502
0,00259
0,01530
0,01557
0,00287
0,01525
0,00286
0,00264
0,01505
0,00271
0,00287
0,01515
0,01503
0,01526
0,01506
0,00261
0,00289
0,01524
0,01517
0,01524
0,00271
0,01526
0,01514
0,01505
0,00272
0,01524
0,01545
0,00281
0,01509
0,01500
0,01553
0,01527
0,00264
0,01519
0,01520
0,01514
0,00286
0,01512
0,00264
0,01514
0,01579
0,01524
0,01517
0,01505
0,01524
0,00279
0,01526
0,01511
0,01532
0,01518
0,01501
0,01519
0,01512
0,00287
0,00268
0,00282
0,01546
0,00283
0,00300
0,01510
0,01572
0,01510
0,00274
0,00281
0,01508
0,01521
0,01510
0,00289
0,01516
0,01508
0,00258
0,00256
0,01530
0,01530
0,01511
0,00266
0,01517
0,01497
0,00263
0,01512
0,01509
0,01505
0,00273
0,01501
0,01525
0,00303
0,01517
0,01539
0,01504
0,01509
0,01528
0,00257
0,01534
