0,04553
0,04644
0,04790
0,04798
0,04130
0,04549
0,04125
0,06091
0,04923
0,05401
0,04635
0,04594
0,04494
0,04399
0,05634
0,04385
0,04099
0,04143
0,03785
0,04586
0,03791
0,05576
0,05594
0,06202
0,04359
0,06732
0,04209
0,06045
0,06449
0,04520
0,04320
0,04542
0,04134
0,05079
0,05522
0,05305
0,05188
0,04357
0,04754
0,04336
0,04721
0,05228
0,04889
0,04965
0,04037
0,04563
0,03987
0,04564
0,04863
0,04201
0,04219
0,04507
0,05725
0,04129
0,04022
0,04029
0,04050
0,04850
0,04372
0,04370
0,06037
0,04072
0,05022
0,04426
0,04089
0,04524
0,05098
0,04598
0,04062
0,06039
0,05461
0,04756
0,04688
0,03721
0,04980
0,04131
0,04115
0,04105
0,04127
0,04531
0,05526
0,04400
0,04567
0,03783
0,04740
0,05238
0,04880
0,04200
0,04891
0,05121
0,04189
0,04319
0,04712
0,04642
0,03757
0,04721
0,04292
0,04099
0,04416
0,04400
