0,41470
0,43150
0,41887
0,41164
0,41814
0,41275
0,41001
0,40896
0,40992
0,41166
0,41932
0,42098
0,41721
0,40962
0,41530
0,40689
0,41122
0,41728
0,41716
0,41247
0,41037
0,41374
0,41610
0,41664
0,41110
0,42969
0,42079
0,40748
0,41458
0,41220
0,40736
0,40634
0,40708
0,41181
0,41230
0,41752
0,41076
0,41618
0,41900
0,41367
0,40659
0,41609
0,41578
0,41038
0,41623
0,41639
0,41299
0,41816
0,41592
0,41293
0,40982
0,41610
0,41802
0,41672
0,41482
0,41944
0,41711
0,40506
0,41513
0,41606
0,41449
0,41904
0,41631
0,41416
0,41088
0,41588
0,41594
0,41552
0,40858
0,41594
0,41116
0,42121
0,43197
0,41573
0,41651
0,40830
0,40962
0,41598
0,41835
0,41262
0,41131
0,40770
0,42045
0,41502
0,40043
0,41670
0,41214
0,41518
0,40669
0,41583
0,41207
0,42358
0,43393
0,41865
0,41894
0,41457
0,41479
0,41668
0,40516
0,41926
