0,59252
0,59208
0,59236
0,59249
0,59243
0,59261
0,59280
0,59283
0,59254
0,59241
0,59303
0,59253
0,59244
0,59257
0,59255
0,59267
0,59285
0,59237
0,59269
0,59275
0,59246
0,59262
0,59255
0,59278
0,59267
0,59261
0,59289
0,59268
0,59312
0,59273
0,59264
0,59242
0,59267
0,59262
0,59399
0,59256
0,59243
0,59260
0,59229
0,59234
0,59257
0,59271
0,59267
0,59252
0,59261
0,59281
0,59263
0,59251
0,59243
0,59257
0,59277
0,59236
0,59316
0,59281
0,59257
0,59248
0,59267
0,59293
0,59273
0,59264
0,59258
0,59275
0,59276
0,59272
0,59264
0,59294
0,59233
0,59272
0,59269
0,59354
0,59258
0,59253
0,59149
0,59237
0,59256
0,59262
0,59290
0,59271
0,59242
0,59262
0,59260
0,59273
0,59256
0,59232
0,59280
0,59252
0,59243
0,59254
0,59266
0,59273
0,59268
0,59264
0,59305
0,59226
0,59216
0,59248
0,59251
0,59269
0,59275
0,59250
