0,07150
0,08319
0,09345
0,09951
0,08229
0,07000
0,08683
0,08860
0,07215
0,08413
0,06375
0,07065
0,07490
0,07681
0,06301
0,06451
0,07637
0,07418
0,08046
0,06587
0,07753
0,08815
0,07656
0,07972
0,07711
0,09108
0,08735
0,07255
0,10801
0,08483
0,08433
0,10801
0,10455
0,08014
0,07105
0,06344
0,07001
0,07927
0,06898
0,07589
0,08466
0,07519
0,07102
0,07936
0,09821
0,06841
0,07022
0,08180
0,06921
0,06808
0,06882
0,07392
0,06445
0,08191
0,06883
0,10234
0,08912
0,06880
0,07224
0,07846
0,09307
0,09346
0,06950
0,09312
0,06066
0,07868
0,10353
0,06237
0,06472
0,06694
0,09262
0,07422
0,07528
0,07839
0,06464
0,07210
0,08816
0,08034
0,07164
0,12208
0,08217
0,08472
0,08047
0,07366
0,07736
0,11654
0,07351
0,08055
0,06960
0,07340
0,08322
0,07136
0,08576
0,08713
0,07340
0,07496
0,10909
0,08669
0,08379
0,08364
