0,59233
0,59238
0,59251
0,59293
0,59247
0,59242
0,59258
0,59214
0,59221
0,59206
0,59234
0,59270
0,59250
0,59211
0,59269
0,59254
0,59311
0,59241
0,59193
0,59202
0,59268
0,59261
0,59228
0,59296
0,59214
0,59233
0,59312
0,59275
0,59225
0,59289
0,59243
0,59281
0,59245
0,59256
0,59260
0,59257
0,59156
0,59242
0,59254
0,59256
0,59244
0,59237
0,59150
0,59271
0,59243
0,59270
0,59318
0,59253
0,59205
0,59267
0,59235
0,59236
0,59244
0,59274
0,59237
0,59256
0,59321
0,59245
0,59236
0,59199
0,59162
0,59273
0,59265
0,59181
0,59242
0,59210
0,59269
0,59236
0,59267
0,59254
0,59067
0,59319
0,59301
0,59316
0,59173
0,59207
0,59237
0,59248
0,59268
0,59010
0,59236
0,59211
0,59189
0,59220
0,59254
0,59225
0,59256
0,59238
0,59215
0,59269
0,59254
0,59189
0,59208
0,59267
0,59175
0,59241
0,59271
0,59299
0,59231
0,59208
