0,00628
0,00719
0,00704
0,00684
0,00728
0,00742
0,01682
0,00704
0,00726
0,00789
0,00692
0,01706
0,00639
0,01660
0,01708
0,01678
0,01662
0,00680
0,01731
0,01699
0,01734
0,01680
0,00692
0,01666
0,00735
0,01700
0,00717
0,00602
0,01681
0,00661
0,00686
0,00608
0,00707
0,00723
0,00636
0,01673
0,01855
0,00779
0,00688
0,00640
0,00669
0,01714
0,00779
0,00734
0,01705
0,00691
0,01672
0,01676
0,01708
0,00779
0,00723
0,01724
0,01675
0,00640
0,01711
0,00718
0,00566
0,00732
0,01735
0,01748
0,01729
0,01714
0,00695
0,00689
0,01695
0,01714
0,00630
0,00758
0,01715
0,00704
0,01679
0,00684
0,00709
0,01666
0,01770
0,00706
0,00730
0,01688
0,00697
0,00734
0,01696
0,01767
0,00813
0,00800
0,01641
0,00746
0,01690
0,01686
0,00634
0,00730
0,00768
0,00655
0,00663
0,00659
0,01791
0,00711
0,01688
0,00673
0,00653
0,00850
