0,54508
0,56575
0,57588
0,53481
0,57786
0,58363
0,55528
0,54668
0,56625
0,58806
0,54864
0,54921
0,55869
0,56877
0,54113
0,51214
0,54238
0,57951
0,59294
0,58002
0,56057
0,57288
0,59134
0,53583
0,58415
0,57781
0,54368
0,50143
0,55120
0,52886
0,56835
0,55903
0,59972
0,56572
0,54084
0,53911
0,56967
0,58269
0,53730
0,53645
0,55452
0,57533
0,54834
0,57752
0,58952
0,54707
0,52526
0,55269
0,57632
0,57490
0,58266
0,56491
0,53840
0,53951
0,58180
0,56707
0,53827
0,55632
0,59540
0,55386
0,59384
0,54069
0,57550
0,57556
0,54645
0,56428
0,54477
0,58655
0,56189
0,53079
0,57053
0,55346
0,55942
0,55139
0,56138
0,55535
0,55896
0,58506
0,52617
0,59655
0,56503
0,59521
0,60579
0,56995
0,53240
0,59957
0,56234
0,54227
0,57224
0,58661
0,59117
0,58980
0,53369
0,57087
0,57967
0,54629
0,58047
0,54979
0,56764
0,58624
