0,41106
0,40915
0,41022
0,40810
0,40866
0,41059
0,40993
0,41103
0,41013
0,41059
0,40930
0,40641
0,40726
0,41253
0,41215
0,40976
0,41108
0,40975
0,41019
0,41118
0,41316
0,41022
0,41150
0,41215
0,40921
0,40648
0,40637
0,41184
0,40873
0,40706
0,40921
0,41071
0,40889
0,41010
0,40943
0,41088
0,41029
0,41168
0,41170
0,40919
0,41117
0,40958
0,41039
0,41271
0,40845
0,41236
0,41065
0,41291
0,41059
0,40861
0,40917
0,40804
0,41026
0,40835
0,41143
0,41168
0,41263
0,41214
0,40752
0,40892
0,40939
0,40799
0,41098
0,41006
0,40954
0,40913
0,40904
0,41375
0,40862
0,41121
0,40961
0,41331
0,41113
0,41080
0,41119
0,40823
0,41003
0,40820
0,40971
0,41039
0,41317
0,41185
0,41428
0,41076
0,41060
0,40742
0,41192
0,41255
0,40975
0,40996
0,41014
0,41192
0,40988
0,40826
0,41184
0,40808
0,41134
0,41009
0,41102
0,41320
