0,01488
0,01487
0,01489
0,01495
0,01489
0,01489
0,01492
0,01489
0,01489
0,01488
0,01491
0,01491
0,01489
0,01488
0,01496
0,01489
0,01491
0,01490
0,01489
0,01490
0,01491
0,01491
0,01488
0,01490
0,01493
0,01488
0,01500
0,01489
0,01488
0,01491
0,01492
0,01492
0,01489
0,01491
0,01489
0,01488
0,01490
0,01492
0,01491
0,01493
0,01491
0,01490
0,01490
0,01493
0,01490
0,01488
0,01488
0,01490
0,01492
0,01493
0,01490
0,01489
0,01490
0,01492
0,01489
0,01492
0,01487
0,01489
0,01490
0,01493
0,01490
0,01489
0,01494
0,01489
0,01492
0,01490
0,01487
0,01492
0,01492
0,01492
0,01490
0,01490
0,01494
0,01492
0,01491
0,01489
0,01489
0,01489
0,01495
0,01490
0,01490
0,01494
0,01493
0,01488
0,01490
0,01488
0,01493
0,01489
0,01490
0,01492
0,01487
0,01490
0,01492
0,01493
0,01489
0,01492
0,01488
0,01490
0,01489
0,01489
