0,03849
0,03826
0,03631
0,03779
0,03623
0,03700
0,03896
0,03627
0,03851
0,03621
0,03630
0,03735
0,03753
0,03760
0,03982
0,03655
0,03768
0,03604
0,03644
0,03626
0,03619
0,03512
0,03614
0,03955
0,03690
0,03596
0,04692
0,03666
0,03444
0,04174
0,03721
0,04440
0,03752
0,03478
0,03778
0,03640
0,03826
0,03529
0,03908
0,03898
0,04170
0,03619
0,03856
0,03619
0,03597
0,04210
0,03711
0,03655
0,03621
0,03800
0,03831
0,03757
0,04098
0,04068
0,03792
0,03650
0,03740
0,03433
0,03364
0,03668
0,03677
0,03814
0,03683
0,03848
0,03994
0,04427
0,03619
0,04183
0,03608
0,03690
0,03787
0,03615
0,03586
0,03627
0,04032
0,03679
0,04138
0,03703
0,03930
0,03618
0,03658
0,03604
0,04227
0,03868
0,03892
0,03734
0,03915
0,03656
0,03659
0,03818
0,03870
0,03514
0,04530
0,03682
0,03609
0,03674
0,03726
0,03596
0,03644
0,03728
