0,59187
0,59193
0,59194
0,59186
0,59187
0,59187
0,59190
0,59192
0,59185
0,59192
0,59191
0,59183
0,59190
0,59189
0,59176
0,59187
0,59187
0,59190
0,59184
0,59187
0,59181
0,59181
0,59186
0,59190
0,59183
0,59185
0,59192
0,59184
0,59189
0,59196
0,59189
0,59180
0,59191
0,59186
0,59190
0,59185
0,59183
0,59194
0,59195
0,59188
0,59180
0,59185
0,59188
0,59195
0,59189
0,59196
0,59185
0,59189
0,59187
0,59188
0,59188
0,59183
0,59186
0,59189
0,59189
0,59187
0,59187
0,59188
0,59186
0,59188
0,59188
0,59193
0,59190
0,59188
0,59183
0,59187
0,59182
0,59191
0,59188
0,59187
0,59191
0,59195
0,59183
0,59186
0,59188
0,59188
0,59181
0,59193
0,59197
0,59187
0,59192
0,59182
0,59195
0,59178
0,59189
0,59190
0,59193
0,59187
0,59193
0,59188
0,59187
0,59187
0,59184
0,59187
0,59194
0,59191
0,59178
0,59185
0,59182
0,59177
