0,59189
0,59221
0,59234
0,59239
0,59253
0,59218
0,59246
0,59223
0,59271
0,59243
0,59272
0,59150
0,59245
0,59263
0,59253
0,59244
0,59263
0,59226
0,59250
0,59221
0,59221
0,59235
0,59252
0,59268
0,59154
0,59300
0,59231
0,59228
0,59237
0,59073
0,59210
0,59244
0,59204
0,59260
0,59274
0,59266
0,59217
0,59185
0,59241
0,59177
0,59240
0,59068
0,59229
0,59228
0,59285
0,59226
0,59164
0,59192
0,59230
0,59247
0,59258
0,59226
0,59234
0,59164
0,59243
0,59163
0,59239
0,59184
0,59294
0,59214
0,59240
0,59242
0,59074
0,59225
0,59254
0,59239
0,59276
0,59248
0,59226
0,59222
0,59247
0,59243
0,59241
0,59172
0,59291
0,59250
0,59215
0,59124
0,59262
0,59257
0,59246
0,59269
0,59223
0,59226
0,59235
0,59281
0,59218
0,59087
0,59302
0,59211
0,59254
0,59108
0,59251
0,59214
0,59246
0,59252
0,59165
0,59204
0,59247
0,59258
