0,01548
0,01563
0,01566
0,01579
0,01528
0,01556
0,01633
0,01574
0,01521
0,01546
0,01544
0,01540
0,01519
0,01545
0,01535
0,01534
0,01520
0,01585
0,01551
0,01540
0,01555
0,01537
0,01558
0,01524
0,01706
0,01522
0,01539
0,01526
0,01552
0,01534
0,01572
0,01555
0,01566
0,01536
0,01521
0,01550
0,01605
0,01555
0,01537
0,01657
0,01538
0,01570
0,01551
0,01552
0,01514
0,01528
0,01532
0,01550
0,01557
0,01530
0,01522
0,01559
0,01566
0,01556
0,01547
0,01523
0,01525
0,01653
0,01523
0,01542
0,01556
0,01552
0,01719
0,01580
0,01523
0,01589
0,01516
0,01541
0,01531
0,01541
0,01567
0,01562
0,01538
0,01639
0,01539
0,01568
0,01608
0,01721
0,01588
0,01537
0,01506
0,01535
0,01525
0,01567
0,01524
0,01506
0,01574
0,01799
0,01536
0,01541
0,01565
0,01748
0,01538
0,01535
0,01567
0,01560
0,01648
0,01625
0,01549
0,01564
