0,05422
0,06294
0,05766
0,07163
0,06150
0,07811
0,06869
0,06560
0,06121
0,07700
0,07446
0,05888
0,05305
0,07986
0,06919
0,06273
0,05120
0,06668
0,07201
0,05592
0,07112
0,08263
0,05765
0,08428
0,05531
0,08380
0,06453
0,07437
0,07759
0,07057
0,08534
0,06596
0,06037
0,06061
0,07430
0,07087
0,07305
0,07315
0,08464
0,06384
0,05437
0,05384
0,08166
0,05753
0,06964
0,05609
0,05921
0,07171
0,06796
0,06036
0,07673
0,06938
0,08594
0,07650
0,07192
0,07179
0,06238
0,06443
0,06538
0,06169
0,06536
0,06628
0,05737
0,06155
0,05700
0,07041
0,05846
0,05882
0,05951
0,05149
0,05297
0,06899
0,06037
0,06055
0,06078
0,08568
0,06017
0,05833
0,05999
0,05657
0,05090
0,07808
0,05806
0,07428
0,08041
0,07385
0,07503
0,06348
0,06376
0,05220
0,06385
0,05634
0,06859
0,05898
0,06999
0,08444
0,06259
0,06347
0,07393
0,05645
