0,44039
0,43676
0,44078
0,44646
0,45052
0,44335
0,43568
0,43085
0,42287
0,44606
0,45031
0,44404
0,42816
0,45982
0,44419
0,42661
0,42345
0,45720
0,43459
0,43355
0,43881
0,44861
0,44591
0,43638
0,44903
0,43077
0,45404
0,43712
0,43426
0,45082
0,45248
0,44469
0,45407
0,43320
0,43297
0,43316
0,43704
0,43746
0,45230
0,45271
0,44108
0,44678
0,43810
0,46374
0,44212
0,42481
0,44417
0,47169
0,44513
0,44280
0,43640
0,47189
0,44601
0,44535
0,44368
0,43954
0,43333
0,44742
0,44279
0,43235
0,43678
0,43538
0,46151
0,44828
0,42474
0,44904
0,43464
0,43723
0,42824
0,44631
0,42362
0,44034
0,43402
0,43768
0,43621
0,45646
0,44165
0,43163
0,43849
0,43063
0,42408
0,43484
0,42665
0,44433
0,43729
0,43762
0,45607
0,47417
0,44342
0,42698
0,44634
0,46464
0,44054
0,43501
0,45742
0,44876
0,45638
0,44435
0,43621
0,42445
