0,67839
0,67839
0,67840
0,67841
0,67841
0,67839
0,67839
0,67839
0,67840
0,67840
0,67839
0,67839
0,67840
0,67841
0,67839
0,67840
0,67840
0,67840
0,67839
0,67841
0,67841
0,67840
0,67840
0,67840
0,67840
0,67841
0,67839
0,67840
0,67841
0,67840
0,67839
0,67840
0,67840
0,67841
0,67840
0,67840
0,67840
0,67839
0,67839
0,67840
0,67841
0,67841
0,67841
0,67840
0,67841
0,67840
0,67841
0,72370
0,67839
0,67841
0,67841
0,67840
0,67841
0,67840
0,67839
0,67841
0,67840
0,67840
0,67839
0,67839
0,67841
0,67841
0,67841
0,67840
0,67839
0,67841
0,67841
0,67841
0,67839
0,67841
0,67840
0,67839
0,67840
0,67840
0,67839
0,67841
0,67838
0,67839
0,67839
0,67840
0,67840
0,67841
0,67840
0,67841
0,67840
0,67841
0,67841
0,67839
0,67840
0,67840
0,67839
0,67839
0,67840
0,67838
0,67841
0,67839
0,67839
0,67839
0,67840
0,67840
