0,00553
0,00550
0,00553
0,00604
0,00594
0,00593
0,00549
0,00547
0,00588
0,00552
0,00599
0,00556
0,00575
0,00594
0,00596
0,00560
0,00599
0,00559
0,00591
0,00593
0,00599
0,00594
0,00580
0,00568
0,00577
0,00589
0,00551
0,00596
0,00569
0,00567
0,00554
0,00552
0,00548
0,00597
0,00596
0,00590
0,00587
0,00572
0,00550
0,00596
0,00596
0,00596
0,00601
0,00557
0,00593
0,00591
0,00589
0,21907
0,00555
0,00594
0,00593
0,00591
0,00591
0,00556
0,00564
0,00600
0,00553
0,00595
0,00555
0,00552
0,00595
0,00591
0,00598
0,00595
0,00552
0,00591
0,00588
0,00600
0,00565
0,00598
0,00558
0,00553
0,00558
0,00597
0,00599
0,00603
0,00553
0,00576
0,00564
0,00591
0,00595
0,00589
0,00549
0,00593
0,00580
0,00595
0,00575
0,00555
0,00596
0,00556
0,00589
0,00549
0,00576
0,00549
0,00589
0,00558
0,00557
0,00591
0,00566
0,00594
