0,01299
0,03124
0,03378
0,05253
0,05598
0,03997
0,01807
0,01812
0,03638
0,03308
0,02892
0,02288
0,04450
0,05010
0,03721
0,03725
0,04061
0,03202
0,03094
0,04086
0,05311
0,03792
0,04526
0,03776
0,03352
0,05207
0,03674
0,04304
0,05198
0,03193
0,02445
0,02700
0,03158
0,04660
0,03545
0,03563
0,04265
0,02713
0,03331
0,04023
0,04317
0,04491
0,04787
0,03200
0,05207
0,03046
0,04860
0,59400
0,03456
0,04888
0,04952
0,04923
0,04620
0,02664
0,02525
0,05897
0,02974
0,03888
0,02802
0,02385
0,05686
0,06421
0,04628
0,04629
0,02170
0,04256
0,04740
0,06154
0,03921
0,04558
0,03454
0,03112
0,04052
0,03626
0,05172
0,04487
0,02856
0,02521
0,02504
0,03641
0,03669
0,04530
0,03060
0,03964
0,02811
0,04948
0,04632
0,02740
0,03175
0,03582
0,02586
0,03731
0,03016
0,01618
0,05094
0,01476
0,02287
0,02983
0,03344
0,03763
