0,67872
0,67873
0,67876
0,67869
0,67871
0,67872
0,67874
0,67875
0,67871
0,67878
0,67873
0,67883
0,67872
0,67873
0,67872
0,67871
0,67870
0,67879
0,67874
0,67869
0,67883
0,67876
0,67869
0,67877
0,67874
0,67874
0,67874
0,67875
0,67877
0,67877
0,67874
0,67878
0,67876
0,67879
0,67874
0,67877
0,67871
0,67876
0,67880
0,67870
0,67872
0,67875
0,67866
0,67874
0,67872
0,67872
0,67878
0,67871
0,67879
0,67875
0,67871
0,67872
0,67869
0,67875
0,67876
0,67877
0,67873
0,67868
0,67874
0,67875
0,67874
0,67872
0,67875
0,67876
0,67875
0,67876
0,67876
0,67877
0,67877
0,67873
0,67879
0,67873
0,67875
0,67871
0,67870
0,67871
0,67872
0,67880
0,67875
0,67870
0,67867
0,67872
0,67878
0,67872
0,67873
0,67869
0,67884
0,67873
0,67880
0,67875
0,67871
0,67879
0,67873
0,67873
0,67871
0,67876
0,67880
0,67882
0,67873
0,67867
