0,04913
0,05437
0,05574
0,05741
0,05159
0,05432
0,04695
0,05054
0,05231
0,05590
0,04382
0,04675
0,05847
0,04580
0,05201
0,06079
0,05627
0,04811
0,05582
0,07268
0,05929
0,04162
0,06141
0,05613
0,05687
0,04214
0,06093
0,04683
0,04897
0,06800
0,04688
0,06228
0,04036
0,06411
0,05549
0,05638
0,05802
0,07138
0,04641
0,06189
0,04537
0,04684
0,04732
0,04675
0,05203
0,05857
0,06259
0,05402
0,04988
0,05205
0,05549
0,05351
0,06213
0,05683
0,05845
0,04894
0,06883
0,05805
0,05731
0,04689
0,07033
0,04664
0,04287
0,07275
0,06364
0,05339
0,05051
0,05816
0,05907
0,05089
0,04971
0,05652
0,05135
0,04538
0,04329
0,04627
0,07176
0,06642
0,05612
0,04351
0,06369
0,05345
0,06036
0,04611
0,05406
0,04616
0,06246
0,03781
0,06887
0,05577
0,04687
0,06021
0,05749
0,05571
0,05395
0,05718
0,04756
0,05514
0,03981
0,05744
