0,00098
0,00131
0,00117
0,00094
0,00117
0,00149
0,00103
0,00084
0,00090
0,00104
0,00128
0,00101
0,00087
0,00109
0,00138
0,00136
0,00148
0,00108
0,00104
0,00173
0,00117
0,00130
0,00161
0,00108
0,00131
0,00084
0,00107
0,00121
0,00100
0,00151
0,00116
0,00125
0,00129
0,00116
0,00079
0,00109
0,00154
0,00123
0,00103
0,00141
0,00101
0,00108
0,00107
0,00088
0,00114
0,00129
0,00120
0,00124
0,00094
0,00124
0,00099
0,00121
0,00163
0,00111
0,00120
0,00134
0,00132
0,00172
0,00095
0,00097
0,00158
0,00120
0,00126
0,00127
0,00130
0,00111
0,00113
0,00117
0,00134
0,00090
0,00090
0,00103
0,00117
0,00110
0,00136
0,00081
0,00119
0,00165
0,00115
0,00123
0,00144
0,00140
0,00110
0,00105
0,00114
0,00101
0,00147
0,00101
0,00151
0,00109
0,00088
0,00140
0,00107
0,00121
0,00133
0,00116
0,00083
0,00136
0,00091
0,00128
