0,00514
0,00572
0,00560
0,00539
0,00550
0,00582
0,00558
0,00561
0,00569
0,00583
0,00553
0,00588
0,00590
0,00558
0,00531
0,00539
0,00555
0,00558
0,00524
0,00587
0,00572
0,00554
0,00539
0,00548
0,00553
0,00557
0,00605
0,00590
0,00597
0,00571
0,00552
0,00548
0,00560
0,00602
0,00578
0,00597
0,00552
0,00565
0,00592
0,00555
0,00555
0,00555
0,00558
0,00545
0,00558
0,00522
0,00589
0,00557
0,00549
0,00567
0,00600
0,00564
0,00536
0,00551
0,00581
0,00565
0,00601
0,00554
0,00591
0,00559
0,00567
0,00552
0,00548
0,00574
0,00553
0,00558
0,00554
0,00593
0,00524
0,00553
0,00555
0,00538
0,00555
0,00520
0,00527
0,00551
0,00555
0,00657
0,00556
0,00533
0,00530
0,00593
0,00528
0,00549
0,00552
0,00570
0,00588
0,00562
0,00535
0,00551
0,00542
0,00601
0,00550
0,00541
0,00546
0,00568
0,00578
0,00554
0,00586
0,00545
