0,00852
0,00921
0,00764
0,00848
0,00740
0,00884
0,00625
0,00825
0,00777
0,00769
0,00814
0,00839
0,00837
0,00674
0,00703
0,00811
0,00749
0,00717
0,00739
0,00782
0,00728
0,00822
0,00759
0,00773
0,00853
0,00856
0,00894
0,00795
0,00748
0,00800
0,00769
0,00871
0,00846
0,00779
0,00756
0,00773
0,00697
0,00780
0,00785
0,00871
0,00759
0,00836
0,00817
0,00841
0,00827
0,00794
0,00804
0,00831
0,00975
0,00803
0,00699
0,00741
0,00851
0,00832
0,00832
0,00794
0,00729
0,00601
0,00896
0,00864
0,00812
0,00782
0,00811
0,00739
0,00774
0,00881
0,00713
0,00749
0,00787
0,00865
0,00910
0,00744
0,00692
0,00764
0,00607
0,00707
0,00740
0,00757
0,00759
0,00834
0,00762
0,00904
0,00725
0,00592
0,00746
0,00827
0,00790
0,00816
0,00816
0,00922
0,00833
0,00692
0,00831
0,00725
0,00875
0,00812
0,00808
0,00813
0,00800
0,00782
