0,68061
0,68123
0,68086
0,68067
0,68125
0,68096
0,68115
0,68093
0,68216
0,68101
0,68119
0,68130
0,68083
0,68139
0,68108
0,68164
0,68062
0,68139
0,68033
0,68159
0,68059
0,68107
0,68092
0,68031
0,68115
0,68126
0,68191
0,68115
0,68026
0,68119
0,68016
0,68213
0,68092
0,68075
0,68181
0,68083
0,68156
0,68138
0,68114
0,68054
0,68103
0,68066
0,68172
0,68115
0,68105
0,68137
0,68159
0,68204
0,68104
0,68072
0,68082
0,68070
0,68099
0,68113
0,68107
0,68129
0,68173
0,68215
0,68043
0,68089
0,68186
0,68152
0,68142
0,68114
0,68129
0,67996
0,68149
0,68150
0,68047
0,68114
0,68093
0,68129
0,68076
0,68131
0,68095
0,68153
0,68071
0,68119
0,68160
0,68105
0,68051
0,68116
0,68123
0,68227
0,68101
0,68112
0,68075
0,68200
0,68086
0,68112
0,68103
0,68112
0,68077
0,68189
0,68033
0,68114
0,68094
0,68090
0,68140
0,68101
