0,01100
0,01251
0,01469
0,01393
0,01159
0,01299
0,01368
0,01813
0,01283
0,01344
0,01358
0,01341
0,01433
0,01308
0,01508
0,01075
0,01334
0,01226
0,01177
0,01384
0,01125
0,01380
0,01384
0,01393
0,01421
0,01126
0,01138
0,01162
0,01391
0,01353
0,01464
0,01232
0,01229
0,01090
0,01181
0,01293
0,01251
0,01248
0,01286
0,01683
0,01777
0,01165
0,01288
0,01275
0,01301
0,01480
0,01186
0,01399
0,01464
0,01064
0,01176
0,01237
0,01474
0,01251
0,01309
0,01346
0,01182
0,01359
0,01437
0,01212
0,01344
0,01466
0,01358
0,01275
0,01303
0,01568
0,01242
0,01171
0,01371
0,01177
0,01273
0,01090
0,01311
0,01273
0,01191
0,01443
0,01209
0,01169
0,01533
0,01259
0,01181
0,01129
0,01623
0,01266
0,01076
0,01321
0,01256
0,01277
0,01226
0,01426
0,01188
0,01353
0,01330
0,01330
0,01153
0,01022
0,01144
0,01172
0,01396
0,01263
