0,38576
0,43343
0,43017
0,37026
0,36336
0,40043
0,32452
0,42941
0,41812
0,44090
0,39611
0,41740
0,42199
0,34492
0,38088
0,33942
0,40414
0,35347
0,35576
0,41101
0,37634
0,40411
0,37400
0,37270
0,40035
0,43341
0,37623
0,39689
0,40243
0,36706
0,40436
0,41998
0,39454
0,39593
0,37735
0,37129
0,35617
0,39278
0,35757
0,45956
0,39386
0,43428
0,34940
0,39950
0,40565
0,40071
0,37404
0,41330
0,44571
0,43828
0,39111
0,35315
0,40449
0,44026
0,38467
0,42394
0,38973
0,30272
0,44451
0,40898
0,38988
0,47118
0,43491
0,42239
0,36366
0,41051
0,35701
0,35761
0,41715
0,37208
0,43149
0,35984
0,41469
0,41660
0,35241
0,37173
0,40030
0,38089
0,40792
0,40321
0,38801
0,39809
0,38859
0,30516
0,36341
0,40097
0,39355
0,35728
0,38632
0,43295
0,40134
0,38320
0,40269
0,38126
0,37923
0,40637
0,37396
0,42436
0,38197
0,38722
