0,03502
0,01894
0,03232
0,03974
0,04468
0,03893
0,04236
0,04421
0,04007
0,02603
0,04108
0,03469
0,03078
0,03346
0,04810
0,04958
0,05565
0,04523
0,03499
0,04231
0,05123
0,02553
0,03550
0,05613
0,04345
0,04358
0,03545
0,02497
0,03496
0,04428
0,03881
0,04270
0,02660
0,02804
0,03849
0,03715
0,03624
0,05529
0,03722
0,04321
0,04240
0,04083
0,02337
0,02854
0,05317
0,04595
0,04480
0,03364
0,04303
0,05073
0,04527
0,06415
0,02667
0,06490
0,03926
0,04737
0,02959
0,04779
0,02684
0,03652
0,03983
0,04722
0,05749
0,05190
0,04095
0,04403
0,02546
0,03027
0,05312
0,02569
0,01882
0,04341
0,04747
0,04429
0,02948
0,06247
0,03476
0,02756
0,03178
0,03789
0,03658
0,04530
0,03503
0,03409
0,04445
0,03674
0,02169
0,04955
0,03388
0,03561
0,05378
0,02481
0,05203
0,05419
0,04429
0,02871
0,05971
0,03582
0,06101
0,03517
