0,00594
0,00557
0,00554
0,00595
0,00594
0,00576
0,00594
0,00562
0,00563
0,00554
0,00575
0,00568
0,00554
0,00553
0,00595
0,00596
0,00595
0,00595
0,00574
0,00593
0,00595
0,00550
0,00580
0,00601
0,00577
0,00594
0,00592
0,00553
0,00595
0,00573
0,00582
0,00596
0,00597
0,00595
0,00595
0,00579
0,00554
0,00595
0,00596
0,00597
0,00584
0,00562
0,00554
0,00566
0,00596
0,00592
0,00594
0,00585
0,00584
0,00595
0,00556
0,00622
0,00575
0,00602
0,00595
0,00596
0,00595
0,00596
0,00553
0,00572
0,00595
0,00596
0,00595
0,00595
0,00556
0,00591
0,00552
0,00552
0,00596
0,00553
0,00552
0,00596
0,00584
0,00554
0,00553
0,00594
0,00561
0,00554
0,00569
0,00583
0,00551
0,00595
0,00592
0,00562
0,00596
0,00574
0,00552
0,00596
0,00553
0,00557
0,00595
0,00593
0,00596
0,00595
0,00596
0,00572
0,00596
0,00595
0,00597
0,00595
