0,67840
0,67840
0,67840
0,67840
0,67841
0,67840
0,67841
0,67840
0,67840
0,67839
0,67841
0,67840
0,67840
0,67840
0,67841
0,67841
0,67841
0,67840
0,67840
0,67839
0,67841
0,67839
0,67840
0,67841
0,67841
0,67841
0,67841
0,67839
0,67840
0,67841
0,67840
0,67840
0,67839
0,67840
0,67839
0,67840
0,67840
0,67841
0,67840
0,67841
0,67841
0,67841
0,67839
0,67839
0,67841
0,67841
0,67841
0,67840
0,67841
0,67841
0,67841
0,67841
0,67840
0,67841
0,67841
0,67841
0,67840
0,67840
0,67839
0,67841
0,67840
0,67839
0,67841
0,67841
0,67840
0,67841
0,67839
0,67839
0,67841
0,67840
0,67839
0,67841
0,67841
0,67841
0,67840
0,67841
0,67840
0,67840
0,67840
0,67840
0,67840
0,67841
0,67840
0,67840
0,67841
0,67840
0,67839
0,67841
0,67840
0,67840
0,67842
0,67839
0,67841
0,67841
0,67841
0,67840
0,67841
0,67840
0,67842
0,67839
