0,00277
0,00235
0,00284
0,00300
0,00356
0,00316
0,00308
0,00298
0,00337
0,00290
0,00212
0,00384
0,00284
0,00298
0,00262
0,00376
0,00245
0,00279
0,00347
0,00263
0,00281
0,00315
0,00371
0,00305
0,00349
0,00326
0,00291
0,00267
0,00308
0,00298
0,00324
0,00283
0,00312
0,00297
0,00283
0,00301
0,00260
0,00303
0,00270
0,00296
0,00300
0,00302
0,00340
0,00345
0,00270
0,00387
0,00342
0,00270
0,00283
0,00283
0,00257
0,00289
0,00327
0,00358
0,00318
0,00281
0,00306
0,00270
0,00338
0,00308
0,00295
0,00301
0,00277
0,00275
0,00316
0,00313
0,00283
0,00341
0,00288
0,00284
0,00307
0,00278
0,00299
0,00308
0,00294
0,00265
0,00316
0,00272
0,00341
0,00301
0,00278
0,00357
0,00322
0,00329
0,00295
0,00275
0,00271
0,00272
0,00276
0,00309
0,00312
0,00354
0,00331
0,00250
0,00263
0,00281
0,00301
0,00302
0,00303
0,00302
