0,68016
0,68004
0,67993
0,68008
0,68060
0,68011
0,68013
0,68034
0,68055
0,67989
0,68001
0,68059
0,68050
0,68046
0,67978
0,68029
0,68033
0,68001
0,67996
0,68029
0,67999
0,68004
0,68032
0,67998
0,67992
0,68014
0,68047
0,68005
0,68025
0,68016
0,68058
0,67996
0,68020
0,68089
0,67990
0,67999
0,68007
0,67979
0,68058
0,68014
0,68018
0,68013
0,68030
0,68023
0,67975
0,68043
0,68008
0,68001
0,67994
0,68013
0,68000
0,68012
0,67991
0,68016
0,68042
0,68029
0,68013
0,67987
0,68010
0,68002
0,67975
0,68011
0,68008
0,68021
0,68008
0,68009
0,68043
0,67990
0,68014
0,68038
0,67996
0,68010
0,68009
0,68020
0,68018
0,68032
0,68038
0,67999
0,67999
0,68027
0,68004
0,68008
0,67999
0,68030
0,68018
0,68021
0,68010
0,67996
0,68057
0,68052
0,68020
0,67977
0,68041
0,68054
0,67995
0,67990
0,68022
0,68003
0,68015
0,68015
