0,11473
0,11045
0,13429
0,13870
0,15491
0,15899
0,13562
0,12374
0,15183
0,13024
0,10169
0,18119
0,14699
0,12738
0,12919
0,17573
0,12239
0,12502
0,15179
0,11849
0,11781
0,15405
0,16350
0,14426
0,14185
0,13343
0,14068
0,11732
0,13095
0,12496
0,13594
0,11275
0,14789
0,13884
0,11966
0,13846
0,12360
0,13433
0,12763
0,15047
0,12937
0,14157
0,12834
0,16064
0,12658
0,16959
0,14873
0,11937
0,12283
0,12951
0,12346
0,12970
0,15351
0,14901
0,13683
0,13877
0,14444
0,11800
0,16942
0,14588
0,13974
0,12275
0,13135
0,13520
0,13570
0,14420
0,13779
0,15302
0,11889
0,15045
0,15800
0,12884
0,13916
0,12841
0,13888
0,13400
0,15835
0,12074
0,15710
0,14350
0,13084
0,15308
0,14343
0,14602
0,14491
0,13356
0,11745
0,11699
0,12708
0,14351
0,13736
0,14842
0,14767
0,12725
0,10937
0,13187
0,14612
0,13496
0,13819
0,12882
