0,00993
0,00899
0,00756
0,00824
0,01107
0,00795
0,00862
0,00882
0,00847
0,00959
0,00735
0,01101
0,00975
0,01031
0,00994
0,00855
0,00817
0,00835
0,00897
0,01014
0,00699
0,00769
0,00875
0,00764
0,00976
0,00989
0,00812
0,00815
0,00769
0,00782
0,00961
0,00779
0,00923
0,00919
0,00791
0,00989
0,00801
0,00843
0,00905
0,00791
0,00767
0,00806
0,00791
0,00929
0,00694
0,00906
0,00782
0,00852
0,00648
0,00722
0,00773
0,00771
0,00943
0,00726
0,00960
0,00928
0,00927
0,00839
0,01059
0,00809
0,00772
0,00761
0,00800
0,00986
0,00701
0,00754
0,01011
0,00768
0,00993
0,01065
0,00786
0,00738
0,00913
0,00820
0,00777
0,00882
0,01085
0,00812
0,00782
0,00782
0,00779
0,00987
0,00866
0,00864
0,00843
0,00783
0,00895
0,00762
0,00756
0,00855
0,00844
0,00858
0,00796
0,00952
0,00802
0,00743
0,00907
0,00844
0,00783
0,00815
