-10.05914
-10.11730
-10.05846
-10.04435
-10.08168
-10.06082
-10.02487
-10.04145
-10.02921
-10.08326
-10.06051
-10.02584
-10.10331
-10.02110
-10.05892
-10.02220
-10.06362
-10.07389
-10.00068
-10.05596
-10.02962
-10.04910
-10.08873
-10.07474
-9.98251
-10.05772
-10.06575
-10.08031
-10.07958
-10.07181
-9.99969
-10.02059
-10.15134
-10.04328
-10.03723
-10.06220
-10.09074
-10.05429
-10.05801
-10.08974
-10.05646
-10.05419
-10.07711
-10.04753
-10.08210
-10.01820
-10.08754
-10.05905
-10.09313
-10.09602
-10.05052
-10.02720
-10.07484
-10.03876
-10.03636
-10.06476
-10.03423
-10.04572
-10.04968
-10.02334
-10.01497
-10.07739
-10.05370
-10.05270
-10.07161
-10.03829
-10.06726
-10.02436
-10.00803
-10.04628
-10.04369
-10.00454
-10.04951
-10.08923
-10.08770
-10.06499
-10.08034
-10.08141
-10.07438
-10.04532
-10.07703
-10.09964
-10.10272
-10.03749
-10.06594
-10.06534
-10.04301
-10.02928
-10.07488
-10.08161
-9.98627
-10.07875
-10.07946
-10.08477
-10.03254
-10.02172
-10.05516
-10.03351
-10.02902
-10.09433
