0.02501
0.02418
0.02531
0.02955
0.02315
0.02520
0.02558
0.02485
0.02099
0.02320
0.02152
0.02585
0.02396
0.02828
0.02716
0.02094
0.02162
0.01980
0.02035
0.02026
0.02386
0.02368
0.01976
0.02176
0.01905
0.01891
0.02470
0.02816
0.02725
0.02517
0.01840
0.02487
0.02366
0.02017
0.02353
0.02431
0.02348
0.01892
0.02224
0.02461
0.02275
0.01932
0.02182
0.02097
0.02004
0.02394
0.02521
0.01889
0.02467
0.02645
0.02320
0.01893
0.02025
0.02401
0.02069
0.02145
0.02116
0.01780
0.02516
0.02489
0.02626
0.02115
0.02433
0.02609
0.02004
0.02405
0.02338
0.02097
0.02384
0.02149
0.02459
0.02701
0.02591
0.02137
0.02362
0.02572
0.02269
0.02160
0.02144
0.02015
0.02875
0.02144
0.02299
0.02173
0.02161
0.02269
0.02262
0.01955
0.02366
0.02490
0.02114
0.02170
0.02200
0.02448
0.02475
0.02414
0.02485
0.02553
0.01999
0.02516
