0.88012
0.88160
0.88081
0.88216
0.88710
0.89036
0.88826
0.88226
0.88013
0.87772
0.88329
0.88822
0.88495
0.89033
0.89329
0.87894
0.88210
0.87402
0.88043
0.87701
0.89115
0.87834
0.87670
0.88368
0.87572
0.88631
0.87937
0.88844
0.88245
0.88289
0.89273
0.88284
0.88630
0.87843
0.88759
0.88998
0.88544
0.87637
0.87998
0.88493
0.88489
0.87857
0.88057
0.87837
0.87809
0.87495
0.87352
0.87747
0.88662
0.87153
0.88579
0.87413
0.88258
0.88627
0.88117
0.87756
0.87982
0.87599
0.88140
0.89520
0.89671
0.88229
0.87608
0.88232
0.88100
0.89300
0.87759
0.88510
0.87885
0.87565
0.88390
0.88384
0.88527
0.88525
0.87528
0.87775
0.88335
0.89238
0.87371
0.88265
0.88824
0.88297
0.86989
0.87546
0.87620
0.88631
0.87820
0.87750
0.88711
0.88899
0.89101
0.87991
0.87777
0.88697
0.87896
0.87868
0.88426
0.88542
0.88129
0.87891
