-19.35832
-19.30701
-19.30569
-19.32863
-19.21054
-19.34418
-19.30063
-19.33080
-19.28846
-19.25874
-19.36184
-19.28759
-19.35106
-19.20861
-19.33769
-19.25531
-19.34220
-19.36620
-19.26145
-19.36099
-19.27965
-19.36997
-19.34946
-19.34576
-19.11417
-19.33853
-19.28236
-19.28913
-19.35286
-19.36708
-19.21054
-19.31525
-19.25828
-19.30581
-19.21505
-19.35786
-19.33362
-19.34618
-19.24219
-19.34454
-19.35827
-19.35186
-19.23335
-19.30019
-19.32567
-19.28865
-19.26943
-19.36066
-19.36384
-19.35123
-19.27639
-19.30461
-19.27287
-19.28950
-19.25532
-19.33570
-19.30399
-19.32649
-19.31978
-19.26106
-19.20963
-19.35468
-19.31881
-19.33664
-19.35649
-19.31135
-19.34282
-19.33303
-19.26142
-19.35360
-19.20258
-19.29629
-19.34706
-19.33454
-19.36329
-19.35552
-19.34729
-19.33443
-19.33466
-19.29760
-19.34911
-19.31000
-19.34756
-19.35742
-19.35997
-19.32676
-19.22092
-19.24288
-19.28491
-19.36040
-19.14384
-19.32523
-19.36768
-19.37381
-19.27639
-19.34367
-19.31459
-19.32106
-19.21003
-19.35401
