1 32.0
2 35.0
3 31.0
4 28.0
5 37.0
6 30.0
7 31.0
8 37.0
9 26.0
10 24.0
11 32.0
12 26.0
13 36.0
14 31.0
15 30.0
16 29.0
17 31.0
18 25.0
19 31.0
20 28.0
21 35.0
22 28.0
23 27.0
24 36.0
25 22.0
26 29.0
27 33.0
28 29.0
29 27.0
30 32.0
31 17.0
32 26.0
33 26.0
34 23.0
35 20.0
36 27.0
37 24.0
38 29.0
39 22.0
40 20.0
41 27.0
42 26.0
43 27.0
44 30.0
45 29.0
46 26.0
47 22.0
48 19.0
49 19.0
50 21.0
51 21.0
52 24.0
53 29.0
54 16.0
55 21.0
56 22.0
57 26.0
58 20.0
59 22.0
60 16.0
61 15.0
62 16.0
63 22.0
64 16.0
65 14.0
66 24.0
67 14.0
68 21.0
69 23.0
70 15.0
71 17.0
72 26.0
73 32.0
74 24.0
75 25.0
76 29.0
77 16.0
78 32.0
79 18.0
80 25.0
81 23.0
82 18.0
83 28.0
84 19.0
85 20.0
86 17.0
87 19.0
88 22.0
89 19.0
90 19.0
91 25.0
92 18.0
93 21.0
94 30.0
95 22.0
96 24.0
97 21.0
98 28.0
99 21.0
100 30.0
101 21.0
102 25.0
103 26.0
104 22.0
105 31.0
106 31.0
107 23.0
108 28.0
109 24.0
110 34.0
111 30.0
112 36.0
113 23.0
114 23.0
115 32.0
116 33.0
117 27.0
118 26.0
119 24.0
120 20.0
121 20.0
122 21.0
123 20.0
124 26.0
125 24.0
126 25.0
127 27.0
128 24.0
129 21.0
130 27.0
131 18.0
132 29.0
133 18.0
134 18.0
135 25.0
136 19.0
137 17.0
138 18.0
139 23.0
140 19.0
141 13.0
142 13.0
143 17.0
144 20.0
145 14.0
146 21.0
147 24.0
148 29.0
149 26.0
150 18.0
151 29.0
152 20.0
153 17.0
154 25.0
155 30.0
156 22.0
157 23.0
158 21.0
159 22.0
160 19.0
161 31.0
162 21.0
163 15.0
164 17.0
165 27.0
166 18.0
167 19.0
168 26.0
169 21.0
170 25.0
171 25.0
172 21.0
173 24.0
174 15.0
175 17.0
176 18.0
177 18.0
178 26.0
179 23.0
180 29.0
181 18.0
182 19.0
183 23.0
184 17.0
185 24.0
186 15.0
187 18.0
188 18.0
189 27.0
190 18.0
191 26.0
192 23.0
193 26.0
194 19.0
195 27.0
196 23.0
197 30.0
198 23.0
199 25.0
200 11.0
201 31.0
202 27.0
203 16.0
204 22.0
205 16.0
206 17.0
207 23.0
208 21.0
209 24.0
210 17.0
211 20.0
212 25.0
213 22.0
214 24.0
215 22.0
216 23.0
217 21.0
218 30.0
219 31.0
220 15.0
221 21.0
222 20.0
223 16.0
224 22.0
225 20.0
226 21.0
227 20.0
228 17.0
229 19.0
230 23.0
231 20.0
232 19.0
233 24.0
234 21.0
235 16.0
236 21.0
237 31.0
238 18.0
239 21.0
240 21.0
241 31.0
242 19.0
243 31.0
244 24.0
245 19.0
246 25.0
247 15.0
248 30.0
249 22.0
250 27.0
251 19.0
252 25.0
253 23.0
254 16.0
255 25.0
256 25.0
257 30.0
258 26.0
259 32.0
260 28.0
261 30.0
262 28.0
263 23.0
264 22.0
265 24.0
266 19.0
267 22.0
268 32.0
269 26.0
270 22.0
271 29.0
272 31.0
273 22.0
274 31.0
275 32.0
276 22.0
277 23.0
278 30.0
279 26.0
280 23.0
281 29.0
282 30.0
283 25.0
284 30.0
285 34.0
286 32.0
287 30.0
288 15.0
289 31.0
290 20.0
291 27.0
292 35.0
293 20.0
294 22.0
295 34.0
296 18.0
297 27.0
298 27.0
299 32.0
300 25.0
301 26.0
302 20.0
303 33.0
304 36.0
305 23.0
306 21.0
307 30.0
308 20.0
309 24.0
310 28.0
311 23.0
312 27.0
313 21.0
314 28.0
315 18.0
316 43.0
317 20.0
318 36.0
319 28.0
320 20.0
321 33.0
322 30.0
323 27.0
324 35.0
325 24.0
326 25.0
327 25.0
328 32.0
329 21.0
330 29.0
331 28.0
332 34.0
333 18.0
334 34.0
335 25.0
336 30.0
337 34.0
338 19.0
339 32.0
340 26.0
341 34.0
342 22.0
343 27.0
344 34.0
345 34.0
346 29.0
347 33.0
348 34.0
349 20.0
350 39.0
351 24.0
352 26.0
353 24.0
354 27.0
355 27.0
356 31.0
357 23.0
358 31.0
359 25.0
360 23.0
361 27.0
362 25.0
363 26.0
364 27.0
365 28.0
366 34.0
367 21.0
368 29.0
369 37.0
370 21.0
371 24.0
372 30.0
373 28.0
374 31.0
375 21.0
376 21.0
377 32.0
378 27.0
379 21.0
380 23.0
381 30.0
382 33.0
383 34.0
384 33.0
385 31.0
386 20.0
387 27.0
388 34.0
389 29.0
390 27.0
391 28.0
392 39.0
393 37.0
394 30.0
395 28.0
396 23.0
397 26.0
398 32.0
399 19.0
400 27.0
401 25.0
402 29.0
403 35.0
404 21.0
405 32.0
406 27.0
407 34.0
408 32.0
409 28.0
410 27.0
411 24.0
412 28.0
413 23.0
414 26.0
415 28.0
416 27.0
417 21.0
418 29.0
419 29.0
420 27.0
421 26.0
422 29.0
423 21.0
424 29.0
425 21.0
426 22.0
427 30.0
428 28.0
429 28.0
430 28.0
431 29.0
432 25.0
433 27.0
434 23.0
435 22.0
436 26.0
437 26.0
438 27.0
439 25.0
440 16.0
441 22.0
442 26.0
443 26.0
444 28.0
445 26.0
446 28.0
447 30.0
448 35.0
449 26.0
450 23.0
451 28.0
452 28.0
453 34.0
454 20.0
455 21.0
456 31.0
457 25.0
458 26.0
459 26.0
460 33.0
461 25.0
462 34.0
463 26.0
464 24.0
465 29.0
466 24.0
467 33.0
468 34.0
469 36.0
470 35.0
471 26.0
472 22.0
473 33.0
474 31.0
475 30.0
476 28.0
477 25.0
478 21.0
479 33.0
480 31.0
481 25.0
482 32.0
483 31.0
484 29.0
485 27.0
486 28.0
487 27.0
488 28.0
489 33.0
490 30.0
491 28.0
492 34.0
493 26.0
494 35.0
495 26.0
496 27.0
497 29.0
498 27.0
499 19.0
500 25.0
501 28.0
502 34.0
503 25.0
504 21.0
505 39.0
506 31.0
507 23.0
508 25.0
509 35.0
510 26.0
511 27.0
512 23.0
513 27.0
514 28.0
515 27.0
516 28.0
517 33.0
518 29.0
519 29.0
520 30.0
521 25.0
522 23.0
523 31.0
524 28.0
525 33.0
526 28.0
527 26.0
528 28.0
529 34.0
530 30.0
531 19.0
532 32.0
533 25.0
534 23.0
535 21.0
536 28.0
537 31.0
538 27.0
539 22.0
540 39.0
541 34.0
542 22.0
543 26.0
544 28.0
545 25.0
546 31.0
547 23.0
548 23.0
549 21.0
550 28.0
551 22.0
552 22.0
553 17.0
554 23.0
555 35.0
556 27.0
557 31.0
558 23.0
559 19.0
560 32.0
561 32.0
562 28.0
563 26.0
564 25.0
565 27.0
566 27.0
567 18.0
568 18.0
569 29.0
570 33.0
571 23.0
572 24.0
573 28.0
574 27.0
575 33.0
576 30.0
577 31.0
578 25.0
579 17.0
580 27.0
581 28.0
582 33.0
583 26.0
584 29.0
585 33.0
586 30.0
587 23.0
588 32.0
589 29.0
590 28.0
591 26.0
592 26.0
593 29.0
594 34.0
595 28.0
596 22.0
597 27.0
598 26.0
599 24.0
600 35.0
601 29.0
602 31.0
603 31.0
604 24.0
605 25.0
606 31.0
607 24.0
608 24.0
609 29.0
610 35.0
611 36.0
612 18.0
613 27.0
614 30.0
615 30.0
616 26.0
617 28.0
618 30.0
619 21.0
620 31.0
621 25.0
622 33.0
623 36.0
624 25.0
625 19.0
626 17.0
627 21.0
628 24.0
629 29.0
630 26.0
631 31.0
632 33.0
633 27.0
634 27.0
635 28.0
636 23.0
637 28.0
638 29.0
639 29.0
640 30.0
641 29.0
642 28.0
643 21.0
644 27.0
645 24.0
646 26.0
647 22.0
648 29.0
649 19.0
650 26.0
651 28.0
652 32.0
653 32.0
654 18.0
655 29.0
656 32.0
657 30.0
658 35.0
659 27.0
660 24.0
661 25.0
662 32.0
663 28.0
664 33.0
665 24.0
666 26.0
667 32.0
668 28.0
669 27.0
670 21.0
671 31.0
672 41.0
673 41.0
674 31.0
675 24.0
676 22.0
677 19.0
678 16.0
679 27.0
680 27.0
681 32.0
682 26.0
683 26.0
684 32.0
685 30.0
686 32.0
687 28.0
688 38.0
689 35.0
690 29.0
691 35.0
692 35.0
693 30.0
694 24.0
695 33.0
696 24.0
697 31.0
698 25.0
699 40.0
700 27.0
701 36.0
702 29.0
703 28.0
704 24.0
705 27.0
706 26.0
707 30.0
708 28.0
709 30.0
710 23.0
711 31.0
712 22.0
713 18.0
714 28.0
715 20.0
716 30.0
717 24.0
718 33.0
719 32.0
720 29.0
721 17.0
722 22.0
723 32.0
724 34.0
725 40.0
726 43.0
727 30.0
728 35.0
729 34.0
730 29.0
731 29.0
732 29.0
733 30.0
734 38.0
735 23.0
736 22.0
737 28.0
738 32.0
739 23.0
740 26.0
741 24.0
742 33.0
743 41.0
744 30.0
745 31.0
746 27.0
747 24.0
748 24.0
749 24.0
750 24.0
751 21.0
752 31.0
753 31.0
754 39.0
755 39.0
756 29.0
757 23.0
758 31.0
759 30.0
760 29.0
761 29.0
762 26.0
763 31.0
764 35.0
765 26.0
766 30.0
767 33.0
768 27.0
769 19.0
770 17.0
771 29.0
772 23.0
773 27.0
774 28.0
775 33.0
776 36.0
777 21.0
778 24.0
779 29.0
780 38.0
781 28.0
782 23.0
783 22.0
784 15.0
785 17.0
786 19.0
787 19.0
788 16.0
789 26.0
790 29.0
791 35.0
792 40.0
793 27.0
794 34.0
795 34.0
796 29.0
797 19.0
798 24.0
799 20.0
800 26.0
801 19.0
802 24.0
803 37.0
804 26.0
805 22.0
806 22.0
807 23.0
808 14.0
809 18.0
810 23.0
811 32.0
812 30.0
813 32.0
814 32.0
815 35.0
816 22.0
817 23.0
818 30.0
819 27.0
820 36.0
821 30.0
822 26.0
823 27.0
824 25.0
825 16.0
826 33.0
827 31.0
828 34.0
829 32.0
830 38.0
831 41.0
832 30.0
833 31.0
834 33.0
835 25.0
836 30.0
837 26.0
838 31.0
839 37.0
840 33.0
841 24.0
842 29.0
843 17.0
844 14.0
845 26.0
846 35.0
847 32.0
848 33.0
849 26.0
850 26.0
851 38.0
852 38.0
853 32.0
854 28.0
855 29.0
856 29.0
857 30.0
858 30.0
859 30.0
860 26.0
861 26.0
862 31.0
863 25.0
864 33.0
865 25.0
866 25.0
867 25.0
868 28.0
869 25.0
870 37.0
871 25.0
872 27.0
873 29.0
874 30.0
875 38.0
876 21.0
877 21.0
878 26.0
879 30.0
880 35.0
881 34.0
882 31.0
883 24.0
884 23.0
885 30.0
886 36.0
887 35.0
888 27.0
889 21.0
890 23.0
891 23.0
892 31.0
893 32.0
894 37.0
895 35.0
896 33.0
897 21.0
898 36.0
899 29.0
900 20.0
901 22.0
902 32.0
903 29.0
904 29.0
905 27.0
906 29.0
907 27.0
908 31.0
909 37.0
910 29.0
911 29.0
912 28.0
913 30.0
914 31.0
915 21.0
916 32.0
917 40.0
918 29.0
919 22.0
920 19.0
921 26.0
922 24.0
923 29.0
924 35.0
925 34.0
926 32.0
927 25.0
928 38.0
929 30.0
930 30.0
931 29.0
932 18.0
933 18.0
934 29.0
935 22.0
936 27.0
937 27.0
938 34.0
939 35.0
940 39.0
941 43.0
942 28.0
943 27.0
944 32.0
945 28.0
946 33.0
947 23.0
948 25.0
949 27.0
950 32.0
951 30.0
952 23.0
953 26.0
954 31.0
955 35.0
956 27.0
957 39.0
958 32.0
959 24.0
960 19.0
961 37.0
962 39.0
963 31.0
964 30.0
965 30.0
966 40.0
967 40.0
968 32.0
969 34.0
970 36.0
971 39.0
972 37.0
973 25.0
974 14.0
975 14.0
976 23.0
977 31.0
978 37.0
979 32.0
980 36.0
981 24.0
982 22.0
983 20.0
984 20.0
985 28.0
986 23.0
987 25.0
988 33.0
989 31.0
990 39.0
991 38.0
992 36.0
993 29.0
994 37.0
995 28.0
996 25.0
997 21.0
998 25.0
999 28.0
1000 31.0
1001 42.0
1002 42.0
1003 39.0
1004 25.0
1005 26.0
1006 26.0
1007 30.0
1008 24.0
1009 25.0
1010 22.0
1011 24.0
1012 24.0
1013 29.0
1014 30.0
1015 31.0
1016 37.0
1017 35.0
1018 31.0
1019 29.0
1020 33.0
1021 24.0
1022 26.0
1023 33.0
1024 26.0
1025 21.0
1026 18.0
1027 17.0
1028 16.0
1029 17.0
1030 23.0
1031 28.0
1032 30.0
1033 35.0
1034 25.0
1035 26.0
1036 31.0
1037 31.0
1038 32.0
1039 18.0
1040 21.0
1041 21.0
1042 18.0
1043 25.0
1044 38.0
1045 32.0
1046 34.0
1047 38.0
1048 37.0
1049 32.0
1050 33.0
1051 40.0
1052 32.0
1053 31.0
1054 31.0
1055 36.0
1056 18.0
1057 32.0
1058 33.0
1059 24.0
1060 23.0
1061 27.0
1062 28.0
1063 36.0
1064 37.0
1065 56.0
1066 42.0
1067 37.0
1068 37.0
1069 31.0
1070 25.0
1071 28.0
1072 28.0
1073 23.0
1074 31.0
1075 30.0
1076 35.0
1077 34.0
1078 20.0
1079 26.0
1080 25.0
1081 34.0
1082 39.0
1083 43.0
1084 32.0
1085 31.0
1086 33.0
1087 28.0
1088 24.0
1089 27.0
1090 28.0
1091 21.0
1092 27.0
1093 29.0
1094 33.0
1095 36.0
1096 38.0
1097 37.0
1098 37.0
1099 39.0
1100 31.0
1101 32.0
1102 27.0
1103 36.0
1104 31.0
1105 37.0
1106 21.0
1107 22.0
1108 24.0
1109 38.0
1110 38.0
1111 29.0
1112 26.0
1113 31.0
1114 31.0
1115 34.0
1116 29.0
1117 29.0
1118 31.0
1119 33.0
1120 33.0
1121 24.0
1122 37.0
1123 42.0
1124 38.0
1125 36.0
1126 32.0
1127 34.0
1128 47.0
1129 32.0
1130 23.0
1131 28.0
1132 24.0
1133 25.0
1134 20.0
1135 19.0
1136 39.0
1137 36.0
1138 43.0
1139 38.0
1140 37.0
1141 27.0
1142 26.0
1143 20.0
1144 25.0
1145 24.0
1146 33.0
1147 31.0
1148 32.0
1149 38.0
1150 45.0
1151 26.0
1152 36.0
1153 31.0
1154 25.0
1155 24.0
1156 20.0
1157 19.0
1158 26.0
1159 23.0
1160 34.0
1161 41.0
1162 49.0
1163 31.0
1164 23.0
1165 29.0
1166 26.0
1167 26.0
1168 18.0
1169 29.0
1170 24.0
1171 24.0
1172 16.0
1173 29.0
1174 31.0
1175 34.0
1176 32.0
1177 36.0
1178 32.0
1179 19.0
1180 19.0
1181 16.0
1182 21.0
1183 21.0
1184 25.0
1185 35.0
1186 36.0
1187 31.0
1188 35.0
1189 25.0
1190 17.0
1191 27.0
1192 21.0
1193 25.0
1194 29.0
1195 30.0
1196 37.0
1197 24.0
1198 13.0
1199 16.0
1200 29.0
1201 34.0
1202 30.0
1203 27.0
1204 32.0
1205 38.0
1206 46.0
1207 27.0
1208 26.0
1209 27.0
1210 23.0
1211 34.0
1212 42.0
1213 35.0
1214 30.0
1215 35.0
1216 38.0
1217 37.0
1218 36.0
1219 26.0
1220 24.0
1221 20.0
1222 30.0
1223 32.0
1224 20.0
1225 36.0
1226 34.0
1227 27.0
1228 28.0
1229 16.0
1230 18.0
1231 19.0
1232 23.0
1233 28.0
1234 36.0
1235 30.0
1236 25.0
1237 27.0
1238 34.0
1239 27.0
1240 28.0
1241 18.0
1242 29.0
1243 23.0
1244 23.0
1245 18.0
1246 21.0
1247 29.0
1248 45.0
1249 39.0
1250 29.0
1251 42.0
1252 38.0
1253 30.0
1254 27.0
1255 29.0
1256 27.0
1257 23.0
1258 23.0
1259 31.0
1260 31.0
1261 35.0
1262 36.0
1263 37.0
1264 26.0
1265 39.0
1266 44.0
1267 28.0
1268 18.0
1269 33.0
1270 19.0
1271 17.0
1272 25.0
1273 25.0
1274 23.0
1275 14.0
1276 13.0
1277 18.0
1278 28.0
1279 34.0
1280 43.0
1281 42.0
1282 35.0
1283 32.0
1284 28.0
1285 28.0
1286 19.0
1287 29.0
1288 34.0
1289 32.0
1290 36.0
1291 37.0
1292 24.0
1293 29.0
1294 31.0
1295 24.0
1296 26.0
1297 28.0
1298 31.0
1299 29.0
1300 34.0
1301 41.0
1302 52.0
1303 52.0
1304 29.0
1305 24.0
1306 22.0
1307 37.0
1308 36.0
1309 28.0
1310 33.0
1311 37.0
1312 34.0
1313 38.0
1314 26.0
1315 24.0
1316 19.0
1317 18.0
1318 23.0
1319 30.0
1320 39.0
1321 42.0
1322 35.0
1323 27.0
1324 27.0
1325 24.0
1326 19.0
1327 30.0
1328 22.0
1329 21.0
1330 19.0
1331 18.0
1332 35.0
1333 25.0
1334 24.0
1335 32.0
1336 24.0
1337 25.0
1338 24.0
1339 26.0
1340 23.0
1341 24.0
1342 32.0
1343 36.0
1344 37.0
1345 33.0
1346 20.0
1347 14.0
1348 26.0
1349 16.0
1350 17.0
1351 23.0
1352 29.0
1353 29.0
1354 25.0
1355 23.0
1356 28.0
1357 27.0
1358 29.0
1359 25.0
1360 31.0
1361 30.0
1362 27.0
1363 27.0
1364 35.0
1365 25.0
1366 25.0
1367 25.0
1368 26.0
1369 28.0
1370 26.0
1371 21.0
1372 23.0
1373 26.0
1374 41.0
1375 36.0
1376 30.0
1377 34.0
1378 27.0
1379 24.0
1380 22.0
1381 30.0
1382 30.0
1383 35.0
1384 27.0
1385 33.0
1386 23.0
1387 31.0
1388 27.0
1389 28.0
1390 25.0
1391 24.0
1392 24.0
1393 35.0
1394 39.0
1395 34.0
1396 37.0
1397 55.0
1398 39.0
1399 36.0
1400 28.0
1401 30.0
1402 27.0
1403 37.0
1404 24.0
1405 14.0
1406 19.0
1407 22.0
1408 27.0
1409 33.0
1410 45.0
1411 40.0
1412 34.0
1413 33.0
1414 27.0
1415 25.0
1416 30.0
1417 25.0
1418 23.0
1419 19.0
1420 20.0
1421 20.0
1422 21.0
1423 20.0
1424 26.0
1425 34.0
1426 31.0
1427 39.0
1428 32.0
1429 35.0
1430 34.0
1431 28.0
1432 24.0
1433 20.0
1434 23.0
1435 23.0
1436 25.0
1437 23.0
1438 21.0
1439 17.0
1440 17.0
1441 26.0
1442 37.0
1443 20.0
1444 19.0
1445 23.0
1446 23.0
1447 19.0
1448 16.0
1449 26.0
1450 35.0
1451 39.0
1452 54.0
1453 33.0
1454 33.0
1455 25.0
1456 19.0
1457 18.0
1458 16.0
1459 18.0
1460 23.0
1461 34.0
1462 22.0
1463 19.0
1464 18.0
1465 20.0
1466 17.0
1467 18.0
1468 20.0
1469 34.0
1470 43.0
1471 35.0
1472 28.0
1473 23.0
1474 26.0
1475 24.0
1476 24.0
1477 29.0
1478 24.0
1479 21.0
1480 27.0
1481 24.0
1482 23.0
1483 20.0
1484 21.0
1485 18.0
1486 20.0
1487 20.0
1488 23.0
1489 19.0
1490 25.0
1491 14.0
1492 31.0
1493 39.0
1494 37.0
1495 23.0
1496 21.0
1497 24.0
1498 32.0
1499 38.0
1500 35.0
1501 38.0
1502 40.0
1503 37.0
1504 40.0
1505 34.0
1506 26.0
1507 28.0
1508 23.0
1509 23.0
1510 29.0
1511 24.0
1512 26.0
1513 22.0
1514 16.0
1515 12.0
1516 21.0
1517 21.0
1518 30.0
1519 35.0
1520 43.0
1521 39.0
1522 50.0
1523 45.0
1524 28.0
1525 34.0
1526 28.0
1527 23.0
1528 21.0
1529 17.0
1530 24.0
1531 24.0
1532 31.0
1533 52.0
1534 36.0
1535 36.0
1536 22.0
1537 23.0
1538 13.0
1539 12.0
1540 17.0
1541 18.0
1542 17.0
1543 25.0
1544 17.0
1545 21.0
1546 22.0
1547 24.0
1548 28.0
1549 30.0
1550 36.0
1551 47.0
1552 40.0
1553 38.0
1554 30.0
1555 30.0
1556 25.0
1557 31.0
1558 43.0
1559 23.0
1560 17.0
1561 19.0
1562 17.0
1563 23.0
1564 27.0
1565 32.0
1566 32.0
1567 31.0
1568 43.0
1569 54.0
1570 33.0
1571 36.0
1572 44.0
1573 24.0
1574 25.0
1575 21.0
1576 23.0
1577 16.0
1578 16.0
1579 19.0
1580 21.0
1581 21.0
1582 20.0
1583 33.0
1584 43.0
1585 43.0
1586 34.0
1587 32.0
1588 33.0
1589 32.0
1590 18.0
1591 26.0
1592 17.0
1593 14.0
1594 19.0
1595 18.0
1596 14.0
1597 13.0
1598 23.0
1599 30.0
1600 46.0
1601 61.0
1602 35.0
1603 33.0
1604 31.0
1605 27.0
1606 34.0
1607 28.0
1608 25.0
1609 27.0
1610 36.0
1611 40.0
1612 34.0
1613 29.0
1614 23.0
1615 23.0
1616 24.0
1617 22.0
1618 20.0
1619 24.0
1620 25.0
1621 21.0
1622 23.0
1623 30.0
1624 20.0
1625 20.0
1626 30.0
1627 21.0
1628 19.0
1629 21.0
1630 22.0
1631 24.0
1632 35.0
1633 41.0
1634 39.0
1635 43.0
1636 39.0
1637 27.0
1638 14.0
1639 18.0
1640 24.0
1641 32.0
1642 19.0
1643 21.0
1644 22.0
1645 25.0
1646 37.0
1647 52.0
1648 28.0
1649 31.0
1650 25.0
1651 22.0
1652 33.0
1653 22.0
1654 19.0
1655 20.0
1656 18.0
1657 18.0
1658 20.0
1659 24.0
1660 23.0
1661 19.0
1662 14.0
1663 19.0
1664 27.0
1665 31.0
1666 24.0
1667 33.0
1668 45.0
1669 47.0
1670 33.0
1671 31.0
1672 20.0
1673 12.0
1674 19.0
1675 31.0
1676 41.0
1677 50.0
1678 42.0
1679 30.0
1680 26.0
1681 21.0
1682 13.0
1683 15.0
1684 16.0
1685 18.0
1686 27.0
1687 45.0
1688 52.0
1689 35.0
1690 33.0
1691 27.0
1692 34.0
1693 20.0
1694 23.0
1695 17.0
1696 16.0
1697 18.0
1698 20.0
1699 23.0
1700 19.0
1701 22.0
1702 37.0
1703 58.0
1704 30.0
1705 37.0
1706 31.0
1707 27.0
1708 20.0
1709 21.0
1710 16.0
1711 23.0
1712 23.0
1713 31.0
1714 30.0
1715 23.0
1716 25.0
1717 19.0
1718 29.0
1719 24.0
1720 21.0
1721 19.0
1722 22.0
1723 26.0
1724 40.0
1725 42.0
1726 39.0
1727 18.0
1728 24.0
1729 28.0
1730 24.0
1731 27.0
1732 22.0
1733 27.0
1734 28.0
1735 35.0
1736 38.0
1737 45.0
1738 62.0
1739 36.0
1740 25.0
1741 21.0
1742 20.0
1743 14.0
1744 16.0
1745 11.0
1746 14.0
1747 19.0
1748 23.0
1749 23.0
1750 26.0
1751 27.0
1752 26.0
1753 21.0
1754 20.0
1755 22.0
1756 28.0
1757 13.0
1758 10.0
1759 8.0
1760 14.0
1761 15.0
1762 17.0
1763 16.0
1764 18.0
1765 17.0
1766 11.0
1767 19.0
1768 13.0
1769 17.0
1770 21.0
1771 20.0
1772 21.0
1773 20.0
1774 17.0
1775 20.0
1776 17.0
1777 12.0
1778 7.0
1779 10.0
1780 20.0
1781 30.0
1782 41.0
1783 39.0
1784 39.0
1785 38.0
1786 36.0
1787 38.0
1788 43.0
1789 26.0
1790 26.0
1791 26.0
1792 23.0
1793 25.0
1794 29.0
1795 21.0
1796 22.0
1797 28.0
1798 36.0
1799 21.0
1800 11.0
1801 16.0
1802 15.0
1803 18.0
1804 20.0
1805 25.0
1806 29.0
1807 44.0
1808 43.0
1809 29.0
1810 38.0
1811 29.0
1812 23.0
1813 11.0
1814 13.0
1815 12.0
1816 19.0
1817 10.0
1818 22.0
1819 33.0
1820 34.0
1821 28.0
1822 28.0
1823 30.0
1824 31.0
1825 36.0
1826 43.0
1827 50.0
1828 24.0
1829 18.0
1830 15.0
1831 18.0
1832 21.0
1833 12.0
1834 10.0
1835 19.0
1836 22.0
1837 24.0
1838 41.0
1839 47.0
1840 39.0
1841 28.0
1842 22.0
1843 16.0
1844 19.0
1845 22.0
1846 19.0
1847 22.0
1848 23.0
1849 25.0
1850 16.0
1851 13.0
1852 11.0
1853 17.0
1854 12.0
1855 14.0
1856 22.0
1857 19.0
1858 17.0
1859 23.0
1860 27.0
1861 35.0
1862 38.0
1863 20.0
1864 20.0
1865 25.0
1866 11.0
1867 11.0
1868 12.0
1869 11.0
1870 13.0
1871 14.0
1872 15.0
1873 10.0
1874 15.0
1875 32.0
1876 50.0
1877 45.0
1878 31.0
1879 22.0
1880 12.0
1881 13.0
1882 22.0
1883 26.0
1884 41.0
1885 38.0
1886 29.0
1887 21.0
1888 17.0
1889 12.0
1890 15.0
1891 17.0
1892 13.0
1893 14.0
1894 17.0
1895 24.0
1896 29.0
1897 25.0
1898 26.0
1899 34.0
1900 58.0
1901 32.0
1902 30.0
1903 25.0
1904 18.0
1905 16.0
1906 17.0
1907 8.0
1908 19.0
1909 23.0
1910 35.0
1911 55.0
1912 31.0
1913 25.0
1914 22.0
1915 23.0
1916 18.0
1917 16.0
1918 16.0
1919 17.0
1920 15.0
1921 18.0
1922 25.0
1923 27.0
1924 27.0
1925 34.0
1926 26.0
1927 19.0
1928 24.0
1929 16.0
1930 17.0
1931 13.0
1932 14.0
1933 21.0
1934 21.0
1935 18.0
1936 16.0
1937 19.0
1938 23.0
1939 32.0
1940 38.0
1941 48.0
1942 48.0
1943 22.0
1944 20.0
1945 14.0
1946 14.0
1947 19.0
1948 17.0
1949 17.0
1950 22.0
1951 34.0
1952 47.0
1953 55.0
1954 42.0
1955 30.0
1956 25.0
1957 12.0
1958 12.0
1959 17.0
1960 16.0
1961 27.0
1962 41.0
1963 39.0
1964 29.0
1965 25.0
1966 13.0
1967 19.0
1968 17.0
1969 19.0
1970 13.0
1971 10.0
1972 12.0
1973 14.0
1974 15.0
1975 20.0
1976 17.0
1977 21.0
1978 25.0
1979 9.0
1980 13.0
1981 13.0
1982 12.0
1983 12.0
1984 15.0
1985 22.0
1986 41.0
1987 37.0
1988 23.0
1989 20.0
1990 17.0
1991 21.0
1992 18.0
1993 24.0
1994 30.0
1995 14.0
1996 19.0
1997 12.0
1998 15.0
1999 27.0
2000 29.0
2001 35.0
2002 27.0
2003 16.0
2004 21.0
2005 16.0
2006 13.0
2007 13.0
2008 5.0
2009 4.0
2010 6.0
2011 7.0
2012 10.0
2013 12.0
2014 8.0
2015 10.0
2016 13.0
2017 9.0
2018 12.0
2019 8.0
2020 9.0
2021 8.0
2022 12.0
2023 24.0
2024 27.0
2025 32.0
2026 38.0
2027 26.0
2028 14.0
2029 19.0
2030 18.0
2031 13.0
2032 16.0
2033 16.0
2034 15.0
2035 13.0
2036 24.0
2037 15.0
2038 14.0
2039 10.0
2040 13.0
2041 19.0
2042 29.0
2043 33.0
2044 44.0
2045 50.0
2046 40.0
2047 42.0
2048 31.0
2049 24.0
2050 25.0
2051 21.0
2052 14.0
2053 9.0
2054 17.0
2055 17.0
2056 17.0
2057 18.0
2058 13.0
2059 16.0
2060 10.0
2061 7.0
2062 12.0
2063 12.0
2064 11.0
2065 10.0
2066 7.0
2067 9.0
2068 10.0
2069 7.0
2070 8.0
2071 8.0
2072 9.0
2073 9.0
2074 13.0
2075 17.0
2076 20.0
2077 16.0
2078 14.0
2079 13.0
2080 16.0
2081 16.0
2082 12.0
2083 17.0
2084 26.0
2085 45.0
2086 56.0
2087 29.0
2088 25.0
2089 17.0
2090 15.0
2091 15.0
2092 20.0
2093 17.0
2094 9.0
2095 9.0
2096 16.0
2097 15.0
2098 12.0
2099 16.0
2100 22.0
2101 21.0
2102 31.0
2103 32.0
2104 51.0
2105 45.0
2106 24.0
2107 21.0
2108 18.0
2109 19.0
2110 21.0
2111 17.0
2112 11.0
2113 11.0
2114 14.0
2115 13.0
2116 14.0
2117 13.0
2118 13.0
2119 19.0
2120 10.0
2121 15.0
2122 15.0
2123 13.0
2124 15.0
2125 16.0
2126 16.0
2127 12.0
2128 9.0
2129 19.0
2130 20.0
2131 32.0
2132 38.0
2133 20.0
2134 20.0
2135 17.0
2136 7.0
2137 7.0
2138 11.0
2139 8.0
2140 9.0
2141 13.0
2142 10.0
2143 18.0
2144 11.0
2145 14.0
2146 18.0
2147 31.0
2148 52.0
2149 40.0
2150 25.0
2151 18.0
2152 18.0
2153 8.0
2154 9.0
2155 7.0
2156 10.0
2157 10.0
2158 10.0
2159 6.0
2160 11.0
2161 23.0
2162 23.0
2163 40.0
2164 34.0
2165 24.0
2166 23.0
2167 16.0
2168 6.0
2169 8.0
2170 14.0
2171 14.0
2172 11.0
2173 11.0
2174 9.0
2175 7.0
2176 9.0
2177 8.0
2178 8.0
2179 10.0
2180 7.0
2181 5.0
2182 11.0
2183 16.0
2184 18.0
2185 12.0
2186 18.0
2187 26.0
2188 21.0
2189 10.0
2190 11.0
2191 15.0
2192 13.0
2193 10.0
2194 9.0
2195 20.0
2196 38.0
2197 26.0
2198 22.0
2199 26.0
2200 30.0
2201 30.0
2202 17.0
2203 16.0
2204 11.0
2205 15.0
2206 14.0
2207 13.0
2208 19.0
2209 11.0
2210 6.0
2211 6.0
2212 6.0
2213 6.0
2214 8.0
2215 10.0
2216 10.0
2217 8.0
2218 12.0
2219 14.0
2220 12.0
2221 12.0
2222 16.0
2223 18.0
2224 28.0
2225 14.0
2226 17.0
2227 8.0
2228 12.0
2229 16.0
2230 15.0
2231 19.0
2232 17.0
2233 19.0
2234 16.0
2235 18.0
2236 10.0
2237 9.0
2238 8.0
2239 10.0
2240 11.0
2241 23.0
2242 30.0
2243 30.0
2244 16.0
2245 15.0
2246 12.0
2247 9.0
2248 10.0
2249 7.0
2250 8.0
2251 9.0
2252 6.0
2253 3.0
2254 4.0
2255 5.0
2256 3.0
2257 6.0
2258 7.0
2259 9.0
2260 15.0
2261 12.0
2262 12.0
2263 13.0
2264 15.0
2265 11.0
2266 12.0
2267 15.0
2268 14.0
2269 11.0
2270 10.0
2271 12.0
2272 18.0
2273 14.0
2274 11.0
2275 12.0
2276 9.0
2277 8.0
2278 15.0
2279 9.0
2280 8.0
2281 6.0
2282 7.0
2283 9.0
2284 6.0
2285 13.0
2286 4.0
2287 4.0
2288 6.0
2289 8.0
2290 7.0
2291 10.0
2292 10.0
2293 13.0
2294 22.0
2295 18.0
2296 11.0
2297 14.0
2298 12.0
2299 16.0
2300 12.0
2301 10.0
2302 5.0
2303 6.0
2304 3.0
2305 6.0
2306 3.0
2307 6.0
2308 4.0
2309 5.0
2310 12.0
2311 12.0
2312 11.0
2313 7.0
2314 9.0
2315 9.0
2316 20.0
2317 7.0
2318 10.0
2319 17.0
2320 9.0
2321 9.0
2322 7.0
2323 7.0
2324 6.0
2325 4.0
2326 4.0
2327 2.0
2328 5.0
2329 8.0
2330 4.0
2331 4.0
2332 0.0
2333 3.0
2334 2.0
2335 1.0
2336 1.0
2337 2.0
2338 3.0
2339 6.0
2340 3.0
2341 5.0
2342 8.0
2343 9.0
2344 8.0
2345 8.0
2346 8.0
2347 6.0
2348 12.0
2349 18.0
2350 20.0
2351 21.0
2352 16.0
2353 11.0
2354 11.0
2355 10.0
2356 8.0
2357 5.0
2358 9.0
2359 12.0
2360 6.0
2361 4.0
2362 8.0
2363 7.0
2364 2.0
2365 4.0
2366 7.0
2367 11.0
2368 10.0
2369 12.0
2370 10.0
2371 11.0
2372 4.0
2373 4.0
2374 3.0
2375 5.0
2376 3.0
2377 8.0
2378 5.0
2379 5.0
2380 9.0
2381 5.0
2382 3.0
2383 2.0
2384 3.0
2385 5.0
2386 2.0
2387 9.0
2388 10.0
2389 5.0
2390 3.0
2391 4.0
2392 5.0
2393 5.0
2394 6.0
2395 4.0
2396 2.0
2397 2.0
2398 2.0
2399 3.0
2400 4.0
2401 4.0
2402 2.0
2403 2.0
2404 4.0
2405 1.0
2406 4.0
2407 3.0
2408 9.0
2409 10.0
2410 11.0
2411 8.0
2412 12.0
2413 9.0
2414 4.0
2415 6.0
2416 8.0
2417 6.0
2418 5.0
2419 3.0
2420 5.0
2421 6.0
2422 4.0
2423 3.0
2424 9.0
2425 11.0
2426 16.0
2427 14.0
2428 13.0
2429 11.0
2430 6.0
2431 3.0
2432 2.0
2433 5.0
2434 6.0
2435 10.0
2436 6.0
2437 6.0
2438 4.0
2439 7.0
2440 3.0
2441 1.0
2442 5.0
2443 6.0
2444 4.0
2445 1.0
2446 1.0
2447 3.0
2448 4.0
2449 1.0
2450 3.0
2451 4.0
2452 3.0
2453 2.0
2454 4.0
2455 4.0
2456 5.0
2457 0.0
2458 1.0
2459 1.0
2460 2.0
2461 4.0
2462 3.0
2463 4.0
2464 4.0
2465 7.0
2466 6.0
2467 4.0
2468 7.0
2469 4.0
2470 8.0
2471 5.0
2472 8.0
2473 8.0
2474 7.0
2475 4.0
2476 7.0
2477 4.0
2478 3.0
2479 5.0
2480 3.0
2481 2.0
2482 5.0
2483 7.0
2484 7.0
2485 2.0
2486 2.0
2487 5.0
2488 1.0
2489 3.0
2490 3.0
2491 2.0
2492 3.0
2493 1.0
2494 5.0
2495 5.0
2496 4.0
2497 3.0
2498 0.0
2499 2.0
2500 2.0
