1 34.0
2 31.0
3 32.0
4 32.0
5 35.0
6 36.0
7 35.0
8 31.0
9 35.0
10 24.0
11 29.0
12 38.0
13 32.0
14 34.0
15 28.0
16 32.0
17 31.0
18 31.0
19 20.0
20 32.0
21 30.0
22 26.0
23 25.0
24 22.0
25 30.0
26 23.0
27 24.0
28 27.0
29 31.0
30 20.0
31 33.0
32 32.0
33 29.0
34 30.0
35 24.0
36 29.0
37 34.0
38 29.0
39 34.0
40 32.0
41 26.0
42 29.0
43 26.0
44 26.0
45 23.0
46 27.0
47 28.0
48 25.0
49 27.0
50 22.0
51 23.0
52 22.0
53 18.0
54 25.0
55 23.0
56 25.0
57 25.0
58 23.0
59 27.0
60 27.0
61 29.0
62 26.0
63 24.0
64 26.0
65 25.0
66 26.0
67 27.0
68 25.0
69 22.0
70 25.0
71 22.0
72 30.0
73 23.0
74 21.0
75 28.0
76 26.0
77 33.0
78 22.0
79 28.0
80 31.0
81 20.0
82 28.0
83 21.0
84 24.0
85 22.0
86 25.0
87 24.0
88 17.0
89 29.0
90 22.0
91 20.0
92 24.0
93 29.0
94 21.0
95 15.0
96 29.0
97 38.0
98 23.0
99 25.0
100 26.0
101 25.0
102 25.0
103 22.0
104 36.0
105 27.0
106 30.0
107 37.0
108 22.0
109 34.0
110 23.0
111 27.0
112 28.0
113 34.0
114 28.0
115 24.0
116 27.0
117 28.0
118 22.0
119 24.0
120 29.0
121 27.0
122 29.0
123 28.0
124 24.0
125 24.0
126 30.0
127 19.0
128 26.0
129 27.0
130 23.0
131 36.0
132 28.0
133 25.0
134 31.0
135 21.0
136 25.0
137 29.0
138 30.0
139 20.0
140 25.0
141 30.0
142 31.0
143 27.0
144 20.0
145 27.0
146 21.0
147 34.0
148 24.0
149 24.0
150 29.0
151 22.0
152 28.0
153 20.0
154 26.0
155 22.0
156 28.0
157 23.0
158 30.0
159 36.0
160 24.0
161 28.0
162 28.0
163 31.0
164 36.0
165 24.0
166 35.0
167 29.0
168 32.0
169 29.0
170 24.0
171 23.0
172 30.0
173 32.0
174 24.0
175 21.0
176 29.0
177 24.0
178 37.0
179 32.0
180 30.0
181 27.0
182 37.0
183 28.0
184 35.0
185 23.0
186 31.0
187 33.0
188 31.0
189 22.0
190 26.0
191 36.0
192 34.0
193 33.0
194 35.0
195 29.0
196 31.0
197 25.0
198 31.0
199 31.0
200 32.0
201 32.0
202 29.0
203 31.0
204 32.0
205 27.0
206 30.0
207 28.0
208 21.0
209 23.0
210 26.0
211 27.0
212 26.0
213 22.0
214 21.0
215 23.0
216 18.0
217 20.0
218 24.0
219 22.0
220 20.0
221 21.0
222 26.0
223 25.0
224 19.0
225 24.0
226 21.0
227 22.0
228 19.0
229 26.0
230 23.0
231 25.0
232 28.0
233 30.0
234 27.0
235 28.0
236 32.0
237 23.0
238 31.0
239 27.0
240 28.0
241 29.0
242 27.0
243 23.0
244 30.0
245 31.0
246 33.0
247 29.0
248 24.0
249 29.0
250 18.0
251 35.0
252 38.0
253 28.0
254 28.0
255 23.0
256 28.0
257 31.0
258 29.0
259 27.0
260 33.0
261 31.0
262 24.0
263 20.0
264 27.0
265 32.0
266 26.0
267 32.0
268 26.0
269 33.0
270 33.0
271 32.0
272 27.0
273 32.0
274 29.0
275 34.0
276 30.0
277 22.0
278 22.0
279 33.0
280 38.0
281 32.0
282 33.0
283 34.0
284 28.0
285 27.0
286 30.0
287 28.0
288 36.0
289 22.0
290 31.0
291 30.0
292 19.0
293 36.0
294 34.0
295 24.0
296 30.0
297 27.0
298 27.0
299 23.0
300 33.0
301 25.0
302 27.0
303 24.0
304 27.0
305 31.0
306 23.0
307 25.0
308 33.0
309 25.0
310 30.0
311 32.0
312 19.0
313 41.0
314 34.0
315 37.0
316 18.0
317 37.0
318 28.0
319 35.0
320 30.0
321 31.0
322 25.0
323 27.0
324 31.0
325 30.0
326 42.0
327 24.0
328 21.0
329 34.0
330 32.0
331 26.0
332 31.0
333 34.0
334 27.0
335 25.0
336 31.0
337 28.0
338 35.0
339 23.0
340 35.0
341 24.0
342 36.0
343 35.0
344 34.0
345 31.0
346 23.0
347 27.0
348 34.0
349 41.0
350 31.0
351 34.0
352 33.0
353 29.0
354 37.0
355 28.0
356 25.0
357 28.0
358 24.0
359 29.0
360 28.0
361 37.0
362 32.0
363 39.0
364 36.0
365 32.0
366 23.0
367 34.0
368 28.0
369 29.0
370 40.0
371 38.0
372 28.0
373 32.0
374 33.0
375 39.0
376 29.0
377 28.0
378 32.0
379 32.0
380 30.0
381 36.0
382 33.0
383 32.0
384 38.0
385 32.0
386 36.0
387 30.0
388 29.0
389 28.0
390 29.0
391 33.0
392 28.0
393 28.0
394 38.0
395 32.0
396 36.0
397 29.0
398 24.0
399 35.0
400 27.0
401 37.0
402 27.0
403 28.0
404 45.0
405 34.0
406 45.0
407 29.0
408 34.0
409 28.0
410 32.0
411 24.0
412 24.0
413 28.0
414 35.0
415 24.0
416 25.0
417 43.0
418 22.0
419 24.0
420 32.0
421 33.0
422 28.0
423 26.0
424 29.0
425 32.0
426 36.0
427 29.0
428 32.0
429 29.0
430 38.0
431 31.0
432 35.0
433 32.0
434 25.0
435 36.0
436 24.0
437 24.0
438 27.0
439 34.0
440 36.0
441 27.0
442 26.0
443 29.0
444 36.0
445 25.0
446 34.0
447 34.0
448 31.0
449 33.0
450 31.0
451 21.0
452 30.0
453 26.0
454 32.0
455 27.0
456 21.0
457 29.0
458 35.0
459 32.0
460 25.0
461 27.0
462 25.0
463 25.0
464 31.0
465 26.0
466 30.0
467 27.0
468 27.0
469 29.0
470 30.0
471 29.0
472 38.0
473 35.0
474 30.0
475 24.0
476 25.0
477 29.0
478 44.0
479 34.0
480 31.0
481 34.0
482 29.0
483 27.0
484 24.0
485 35.0
486 28.0
487 36.0
488 32.0
489 24.0
490 29.0
491 34.0
492 23.0
493 35.0
494 28.0
495 37.0
496 30.0
497 32.0
498 31.0
499 41.0
500 31.0
501 32.0
502 28.0
503 43.0
504 43.0
505 29.0
506 28.0
507 36.0
508 31.0
509 31.0
510 34.0
511 29.0
512 34.0
513 29.0
514 31.0
515 32.0
516 36.0
517 30.0
518 30.0
519 35.0
520 31.0
521 28.0
522 28.0
523 29.0
524 33.0
525 29.0
526 29.0
527 35.0
528 28.0
529 25.0
530 34.0
531 35.0
532 26.0
533 32.0
534 31.0
535 27.0
536 27.0
537 31.0
538 37.0
539 41.0
540 29.0
541 23.0
542 34.0
543 28.0
544 22.0
545 24.0
546 32.0
547 29.0
548 34.0
549 38.0
550 24.0
551 29.0
552 29.0
553 32.0
554 33.0
555 24.0
556 25.0
557 32.0
558 33.0
559 34.0
560 25.0
561 28.0
562 33.0
563 40.0
564 39.0
565 35.0
566 25.0
567 41.0
568 36.0
569 32.0
570 23.0
571 36.0
572 29.0
573 26.0
574 41.0
575 29.0
576 28.0
577 27.0
578 39.0
579 42.0
580 34.0
581 28.0
582 20.0
583 38.0
584 34.0
585 40.0
586 32.0
587 34.0
588 38.0
589 30.0
590 34.0
591 30.0
592 25.0
593 29.0
594 28.0
595 38.0
596 26.0
597 37.0
598 41.0
599 26.0
600 20.0
601 24.0
602 38.0
603 35.0
604 40.0
605 32.0
606 29.0
607 29.0
608 35.0
609 35.0
610 29.0
611 24.0
612 41.0
613 36.0
614 25.0
615 29.0
616 34.0
617 34.0
618 31.0
619 41.0
620 32.0
621 25.0
622 23.0
623 24.0
624 33.0
625 35.0
626 24.0
627 28.0
628 26.0
629 31.0
630 31.0
631 36.0
632 31.0
633 37.0
634 37.0
635 39.0
636 33.0
637 34.0
638 34.0
639 30.0
640 27.0
641 32.0
642 31.0
643 33.0
644 24.0
645 34.0
646 35.0
647 37.0
648 30.0
649 31.0
650 41.0
651 30.0
652 27.0
653 20.0
654 30.0
655 30.0
656 35.0
657 34.0
658 27.0
659 37.0
660 34.0
661 35.0
662 30.0
663 34.0
664 31.0
665 30.0
666 32.0
667 29.0
668 38.0
669 30.0
670 43.0
671 35.0
672 26.0
673 26.0
674 35.0
675 46.0
676 37.0
677 32.0
678 39.0
679 21.0
680 30.0
681 30.0
682 39.0
683 29.0
684 34.0
685 41.0
686 33.0
687 32.0
688 28.0
689 30.0
690 33.0
691 33.0
692 36.0
693 31.0
694 30.0
695 35.0
696 37.0
697 35.0
698 34.0
699 26.0
700 31.0
701 24.0
702 35.0
703 30.0
704 40.0
705 31.0
706 30.0
707 30.0
708 32.0
709 27.0
710 24.0
711 29.0
712 37.0
713 24.0
714 28.0
715 35.0
716 28.0
717 28.0
718 19.0
719 19.0
720 32.0
721 27.0
722 39.0
723 36.0
724 23.0
725 14.0
726 13.0
727 17.0
728 24.0
729 23.0
730 27.0
731 27.0
732 29.0
733 28.0
734 23.0
735 26.0
736 24.0
737 21.0
738 31.0
739 27.0
740 19.0
741 23.0
742 22.0
743 14.0
744 18.0
745 25.0
746 17.0
747 21.0
748 15.0
749 26.0
750 34.0
751 51.0
752 36.0
753 24.0
754 23.0
755 16.0
756 14.0
757 26.0
758 33.0
759 24.0
760 22.0
761 17.0
762 21.0
763 17.0
764 16.0
765 27.0
766 21.0
767 14.0
768 12.0
769 28.0
770 37.0
771 33.0
772 29.0
773 26.0
774 21.0
775 13.0
776 6.0
777 26.0
778 29.0
779 22.0
780 18.0
781 17.0
782 21.0
783 27.0
784 26.0
785 33.0
786 38.0
787 40.0
788 40.0
789 35.0
790 23.0
791 16.0
792 14.0
793 26.0
794 20.0
795 19.0
796 20.0
797 24.0
798 22.0
799 27.0
800 22.0
801 24.0
802 25.0
803 21.0
804 18.0
805 16.0
806 19.0
807 18.0
808 26.0
809 33.0
810 29.0
811 26.0
812 25.0
813 23.0
814 20.0
815 14.0
816 25.0
817 27.0
818 24.0
819 19.0
820 28.0
821 24.0
822 27.0
823 27.0
824 22.0
825 29.0
826 24.0
827 25.0
828 27.0
829 28.0
830 17.0
831 14.0
832 21.0
833 18.0
834 17.0
835 19.0
836 16.0
837 27.0
838 29.0
839 20.0
840 26.0
841 25.0
842 25.0
843 41.0
844 48.0
845 30.0
846 15.0
847 10.0
848 16.0
849 26.0
850 27.0
851 20.0
852 22.0
853 27.0
854 19.0
855 25.0
856 28.0
857 20.0
858 14.0
859 19.0
860 16.0
861 17.0
862 26.0
863 13.0
864 18.0
865 16.0
866 20.0
867 18.0
868 19.0
869 17.0
870 20.0
871 24.0
872 30.0
873 27.0
874 21.0
875 18.0
876 24.0
877 34.0
878 30.0
879 18.0
880 18.0
881 20.0
882 14.0
883 29.0
884 32.0
885 22.0
886 20.0
887 28.0
888 31.0
889 38.0
890 38.0
891 41.0
892 30.0
893 25.0
894 11.0
895 16.0
896 11.0
897 35.0
898 23.0
899 27.0
900 28.0
901 30.0
902 33.0
903 27.0
904 26.0
905 30.0
906 30.0
907 34.0
908 27.0
909 21.0
910 14.0
911 21.0
912 17.0
913 17.0
914 16.0
915 29.0
916 18.0
917 17.0
918 17.0
919 18.0
920 23.0
921 28.0
922 27.0
923 32.0
924 23.0
925 12.0
926 16.0
927 21.0
928 14.0
929 15.0
930 15.0
931 14.0
932 24.0
933 46.0
934 34.0
935 40.0
936 32.0
937 33.0
938 32.0
939 25.0
940 19.0
941 8.0
942 24.0
943 35.0
944 28.0
945 24.0
946 27.0
947 32.0
948 30.0
949 20.0
950 12.0
951 26.0
952 33.0
953 34.0
954 17.0
955 19.0
956 19.0
957 14.0
958 26.0
959 42.0
960 33.0
961 29.0
962 25.0
963 23.0
964 34.0
965 36.0
966 18.0
967 18.0
968 25.0
969 21.0
970 28.0
971 13.0
972 16.0
973 19.0
974 27.0
975 25.0
976 32.0
977 18.0
978 16.0
979 11.0
980 9.0
981 19.0
982 34.0
983 35.0
984 26.0
985 33.0
986 42.0
987 36.0
988 27.0
989 35.0
990 24.0
991 21.0
992 18.0
993 17.0
994 15.0
995 27.0
996 32.0
997 40.0
998 47.0
999 31.0
1000 29.0
1001 26.0
1002 15.0
1003 15.0
1004 17.0
1005 21.0
1006 15.0
1007 15.0
1008 21.0
1009 38.0
1010 34.0
1011 27.0
1012 32.0
1013 29.0
1014 22.0
1015 14.0
1016 15.0
1017 20.0
1018 14.0
1019 22.0
1020 16.0
1021 24.0
1022 16.0
1023 15.0
1024 9.0
1025 13.0
1026 21.0
1027 26.0
1028 24.0
1029 29.0
1030 26.0
1031 23.0
1032 21.0
1033 10.0
1034 17.0
1035 24.0
1036 18.0
1037 15.0
1038 11.0
1039 39.0
1040 35.0
1041 41.0
1042 38.0
1043 29.0
1044 12.0
1045 25.0
1046 15.0
1047 17.0
1048 22.0
1049 25.0
1050 23.0
1051 14.0
1052 23.0
1053 16.0
1054 23.0
1055 19.0
1056 21.0
1057 21.0
1058 17.0
1059 29.0
1060 36.0
1061 38.0
1062 40.0
1063 39.0
1064 31.0
1065 13.0
1066 16.0
1067 12.0
1068 14.0
1069 20.0
1070 22.0
1071 20.0
1072 24.0
1073 17.0
1074 26.0
1075 28.0
1076 16.0
1077 25.0
1078 25.0
1079 38.0
1080 41.0
1081 31.0
1082 26.0
1083 15.0
1084 20.0
1085 21.0
1086 19.0
1087 28.0
1088 21.0
1089 31.0
1090 35.0
1091 38.0
1092 33.0
1093 26.0
1094 21.0
1095 30.0
1096 28.0
1097 23.0
1098 20.0
1099 18.0
1100 23.0
1101 37.0
1102 30.0
1103 24.0
1104 21.0
1105 13.0
1106 16.0
1107 25.0
1108 21.0
1109 20.0
1110 10.0
1111 23.0
1112 31.0
1113 23.0
1114 20.0
1115 18.0
1116 30.0
1117 26.0
1118 28.0
1119 26.0
1120 32.0
1121 39.0
1122 25.0
1123 17.0
1124 25.0
1125 13.0
1126 25.0
1127 15.0
1128 17.0
1129 15.0
1130 17.0
1131 21.0
1132 27.0
1133 34.0
1134 35.0
1135 44.0
1136 27.0
1137 21.0
1138 13.0
1139 12.0
1140 18.0
1141 24.0
1142 22.0
1143 24.0
1144 33.0
1145 41.0
1146 19.0
1147 30.0
1148 35.0
1149 12.0
1150 12.0
1151 20.0
1152 12.0
1153 21.0
1154 23.0
1155 32.0
1156 33.0
1157 40.0
1158 42.0
1159 43.0
1160 32.0
1161 8.0
1162 13.0
1163 24.0
1164 17.0
1165 18.0
1166 8.0
1167 14.0
1168 18.0
1169 17.0
1170 23.0
1171 31.0
1172 34.0
1173 38.0
1174 28.0
1175 10.0
1176 10.0
1177 7.0
1178 12.0
1179 19.0
1180 25.0
1181 28.0
1182 37.0
1183 39.0
1184 29.0
1185 18.0
1186 13.0
1187 10.0
1188 16.0
1189 16.0
1190 22.0
1191 23.0
1192 32.0
1193 35.0
1194 32.0
1195 18.0
1196 10.0
1197 23.0
1198 39.0
1199 42.0
1200 18.0
1201 28.0
1202 22.0
1203 29.0
1204 20.0
1205 17.0
1206 10.0
1207 14.0
1208 20.0
1209 28.0
1210 37.0
1211 40.0
1212 29.0
1213 22.0
1214 29.0
1215 19.0
1216 15.0
1217 15.0
1218 9.0
1219 23.0
1220 29.0
1221 27.0
1222 15.0
1223 21.0
1224 10.0
1225 14.0
1226 12.0
1227 14.0
1228 15.0
1229 23.0
1230 29.0
1231 38.0
1232 40.0
1233 19.0
1234 8.0
1235 10.0
1236 19.0
1237 23.0
1238 10.0
1239 20.0
1240 16.0
1241 20.0
1242 15.0
1243 19.0
1244 30.0
1245 36.0
1246 46.0
1247 21.0
1248 14.0
1249 16.0
1250 26.0
1251 10.0
1252 25.0
1253 15.0
1254 19.0
1255 16.0
1256 30.0
1257 27.0
1258 40.0
1259 36.0
1260 37.0
1261 30.0
1262 27.0
1263 26.0
1264 29.0
1265 13.0
1266 8.0
1267 13.0
1268 12.0
1269 17.0
1270 18.0
1271 19.0
1272 16.0
1273 17.0
1274 13.0
1275 25.0
1276 37.0
1277 56.0
1278 44.0
1279 23.0
1280 14.0
1281 6.0
1282 13.0
1283 10.0
1284 13.0
1285 21.0
1286 26.0
1287 29.0
1288 17.0
1289 19.0
1290 17.0
1291 15.0
1292 25.0
1293 23.0
1294 32.0
1295 35.0
1296 33.0
1297 40.0
1298 39.0
1299 52.0
1300 42.0
1301 26.0
1302 12.0
1303 10.0
1304 25.0
1305 30.0
1306 44.0
1307 27.0
1308 18.0
1309 26.0
1310 28.0
1311 10.0
1312 12.0
1313 14.0
1314 13.0
1315 17.0
1316 28.0
1317 24.0
1318 35.0
1319 43.0
1320 23.0
1321 13.0
1322 20.0
1323 13.0
1324 10.0
1325 20.0
1326 20.0
1327 12.0
1328 21.0
1329 24.0
1330 16.0
1331 18.0
1332 22.0
1333 32.0
1334 27.0
1335 17.0
1336 20.0
1337 20.0
1338 29.0
1339 31.0
1340 22.0
1341 24.0
1342 13.0
1343 14.0
1344 14.0
1345 11.0
1346 18.0
1347 12.0
1348 4.0
1349 12.0
1350 20.0
1351 15.0
1352 20.0
1353 18.0
1354 10.0
1355 22.0
1356 17.0
1357 18.0
1358 25.0
1359 15.0
1360 23.0
1361 22.0
1362 17.0
1363 11.0
1364 20.0
1365 21.0
1366 19.0
1367 19.0
1368 15.0
1369 8.0
1370 21.0
1371 23.0
1372 34.0
1373 26.0
1374 15.0
1375 16.0
1376 18.0
1377 11.0
1378 15.0
1379 25.0
1380 22.0
1381 25.0
1382 21.0
1383 16.0
1384 14.0
1385 15.0
1386 12.0
1387 28.0
1388 19.0
1389 17.0
1390 31.0
1391 45.0
1392 52.0
1393 40.0
1394 28.0
1395 33.0
1396 35.0
1397 16.0
1398 15.0
1399 15.0
1400 15.0
1401 11.0
1402 19.0
1403 11.0
1404 16.0
1405 25.0
1406 29.0
1407 29.0
1408 33.0
1409 24.0
1410 14.0
1411 10.0
1412 20.0
1413 12.0
1414 12.0
1415 11.0
1416 12.0
1417 11.0
1418 11.0
1419 10.0
1420 17.0
1421 23.0
1422 43.0
1423 45.0
1424 37.0
1425 29.0
1426 15.0
1427 21.0
1428 11.0
1429 11.0
1430 11.0
1431 12.0
1432 16.0
1433 14.0
1434 14.0
1435 10.0
1436 17.0
1437 12.0
1438 10.0
1439 23.0
1440 20.0
1441 11.0
1442 6.0
1443 17.0
1444 14.0
1445 19.0
1446 14.0
1447 30.0
1448 46.0
1449 43.0
1450 35.0
1451 12.0
1452 9.0
1453 10.0
1454 10.0
1455 9.0
1456 10.0
1457 7.0
1458 19.0
1459 17.0
1460 12.0
1461 7.0
1462 17.0
1463 13.0
1464 13.0
1465 15.0
1466 11.0
1467 22.0
1468 26.0
1469 23.0
1470 7.0
1471 14.0
1472 18.0
1473 24.0
1474 13.0
1475 17.0
1476 17.0
1477 7.0
1478 10.0
1479 21.0
1480 5.0
1481 18.0
1482 7.0
1483 17.0
1484 13.0
1485 13.0
1486 13.0
1487 14.0
1488 17.0
1489 23.0
1490 35.0
1491 37.0
1492 19.0
1493 20.0
1494 5.0
1495 19.0
1496 33.0
1497 35.0
1498 35.0
1499 28.0
1500 24.0
1501 24.0
1502 16.0
1503 25.0
1504 20.0
1505 19.0
1506 14.0
1507 14.0
1508 14.0
1509 17.0
1510 15.0
1511 13.0
1512 7.0
1513 7.0
1514 27.0
1515 50.0
1516 51.0
1517 34.0
1518 45.0
1519 32.0
1520 19.0
1521 16.0
1522 8.0
1523 12.0
1524 16.0
1525 16.0
1526 12.0
1527 13.0
1528 27.0
1529 24.0
1530 29.0
1531 36.0
1532 28.0
1533 8.0
1534 14.0
1535 5.0
1536 9.0
1537 6.0
1538 13.0
1539 19.0
1540 9.0
1541 12.0
1542 11.0
1543 13.0
1544 21.0
1545 34.0
1546 42.0
1547 40.0
1548 33.0
1549 35.0
1550 28.0
1551 8.0
1552 19.0
1553 15.0
1554 21.0
1555 18.0
1556 29.0
1557 15.0
1558 4.0
1559 12.0
1560 13.0
1561 20.0
1562 34.0
1563 34.0
1564 55.0
1565 42.0
1566 34.0
1567 44.0
1568 16.0
1569 9.0
1570 24.0
1571 13.0
1572 12.0
1573 15.0
1574 9.0
1575 11.0
1576 9.0
1577 7.0
1578 17.0
1579 18.0
1580 18.0
1581 37.0
1582 41.0
1583 22.0
1584 23.0
1585 12.0
1586 16.0
1587 12.0
1588 10.0
1589 6.0
1590 6.0
1591 8.0
1592 11.0
1593 13.0
1594 9.0
1595 21.0
1596 40.0
1597 53.0
1598 47.0
1599 41.0
1600 15.0
1601 12.0
1602 20.0
1603 19.0
1604 16.0
1605 13.0
1606 19.0
1607 27.0
1608 32.0
1609 34.0
1610 13.0
1611 11.0
1612 12.0
1613 10.0
1614 21.0
1615 20.0
1616 14.0
1617 16.0
1618 14.0
1619 9.0
1620 18.0
1621 18.0
1622 13.0
1623 6.0
1624 13.0
1625 13.0
1626 7.0
1627 15.0
1628 21.0
1629 35.0
1630 33.0
1631 37.0
1632 25.0
1633 24.0
1634 13.0
1635 13.0
1636 6.0
1637 8.0
1638 16.0
1639 11.0
1640 8.0
1641 8.0
1642 18.0
1643 24.0
1644 25.0
1645 27.0
1646 18.0
1647 10.0
1648 22.0
1649 8.0
1650 10.0
1651 17.0
1652 9.0
1653 23.0
1654 10.0
1655 16.0
1656 10.0
1657 7.0
1658 8.0
1659 13.0
1660 12.0
1661 31.0
1662 41.0
1663 34.0
1664 31.0
1665 32.0
1666 52.0
1667 30.0
1668 11.0
1669 12.0
1670 13.0
1671 16.0
1672 29.0
1673 43.0
1674 45.0
1675 25.0
1676 11.0
1677 13.0
1678 12.0
1679 9.0
1680 16.0
1681 20.0
1682 10.0
1683 23.0
1684 37.0
1685 45.0
1686 35.0
1687 19.0
1688 10.0
1689 20.0
1690 13.0
1691 9.0
1692 9.0
1693 14.0
1694 18.0
1695 12.0
1696 20.0
1697 24.0
1698 15.0
1699 26.0
1700 44.0
1701 39.0
1702 21.0
1703 12.0
1704 13.0
1705 9.0
1706 14.0
1707 8.0
1708 8.0
1709 15.0
1710 20.0
1711 23.0
1712 14.0
1713 13.0
1714 20.0
1715 12.0
1716 10.0
1717 14.0
1718 9.0
1719 17.0
1720 25.0
1721 19.0
1722 30.0
1723 18.0
1724 14.0
1725 6.0
1726 8.0
1727 22.0
1728 31.0
1729 27.0
1730 33.0
1731 35.0
1732 50.0
1733 48.0
1734 45.0
1735 33.0
1736 21.0
1737 10.0
1738 6.0
1739 9.0
1740 10.0
1741 5.0
1742 6.0
1743 9.0
1744 7.0
1745 8.0
1746 8.0
1747 17.0
1748 19.0
1749 20.0
1750 11.0
1751 11.0
1752 9.0
1753 11.0
1754 16.0
1755 3.0
1756 6.0
1757 12.0
1758 8.0
1759 10.0
1760 8.0
1761 12.0
1762 14.0
1763 11.0
1764 5.0
1765 8.0
1766 7.0
1767 7.0
1768 12.0
1769 11.0
1770 20.0
1771 9.0
1772 8.0
1773 10.0
1774 8.0
1775 2.0
1776 11.0
1777 14.0
1778 18.0
1779 55.0
1780 37.0
1781 22.0
1782 21.0
1783 28.0
1784 15.0
1785 20.0
1786 13.0
1787 15.0
1788 16.0
1789 38.0
1790 13.0
1791 27.0
1792 19.0
1793 13.0
1794 11.0
1795 30.0
1796 30.0
1797 13.0
1798 2.0
1799 10.0
1800 22.0
1801 27.0
1802 26.0
1803 26.0
1804 40.0
1805 40.0
1806 23.0
1807 13.0
1808 5.0
1809 14.0
1810 14.0
1811 7.0
1812 9.0
1813 11.0
1814 12.0
1815 8.0
1816 29.0
1817 32.0
1818 19.0
1819 21.0
1820 29.0
1821 26.0
1822 30.0
1823 31.0
1824 36.0
1825 18.0
1826 11.0
1827 6.0
1828 8.0
1829 12.0
1830 10.0
1831 9.0
1832 7.0
1833 14.0
1834 26.0
1835 40.0
1836 48.0
1837 39.0
1838 16.0
1839 4.0
1840 12.0
1841 7.0
1842 12.0
1843 13.0
1844 10.0
1845 11.0
1846 13.0
1847 8.0
1848 6.0
1849 2.0
1850 10.0
1851 8.0
1852 7.0
1853 10.0
1854 15.0
1855 16.0
1856 21.0
1857 24.0
1858 19.0
1859 26.0
1860 12.0
1861 9.0
1862 5.0
1863 7.0
1864 9.0
1865 7.0
1866 9.0
1867 4.0
1868 9.0
1869 8.0
1870 7.0
1871 10.0
1872 24.0
1873 48.0
1874 54.0
1875 26.0
1876 7.0
1877 8.0
1878 10.0
1879 14.0
1880 20.0
1881 21.0
1882 29.0
1883 26.0
1884 9.0
1885 6.0
1886 8.0
1887 7.0
1888 11.0
1889 10.0
1890 11.0
1891 21.0
1892 23.0
1893 21.0
1894 14.0
1895 15.0
1896 26.0
1897 29.0
1898 29.0
1899 16.0
1900 8.0
1901 10.0
1902 11.0
1903 8.0
1904 15.0
1905 17.0
1906 32.0
1907 39.0
1908 39.0
1909 30.0
1910 21.0
1911 5.0
1912 13.0
1913 14.0
1914 6.0
1915 10.0
1916 16.0
1917 13.0
1918 15.0
1919 20.0
1920 18.0
1921 21.0
1922 8.0
1923 18.0
1924 20.0
1925 7.0
1926 10.0
1927 9.0
1928 6.0
1929 7.0
1930 15.0
1931 22.0
1932 14.0
1933 17.0
1934 14.0
1935 22.0
1936 24.0
1937 39.0
1938 47.0
1939 28.0
1940 14.0
1941 5.0
1942 9.0
1943 6.0
1944 7.0
1945 9.0
1946 10.0
1947 14.0
1948 32.0
1949 50.0
1950 47.0
1951 32.0
1952 14.0
1953 9.0
1954 4.0
1955 7.0
1956 9.0
1957 13.0
1958 23.0
1959 31.0
1960 35.0
1961 24.0
1962 4.0
1963 5.0
1964 6.0
1965 8.0
1966 7.0
1967 5.0
1968 4.0
1969 6.0
1970 8.0
1971 7.0
1972 9.0
1973 11.0
1974 11.0
1975 8.0
1976 5.0
1977 4.0
1978 3.0
1979 6.0
1980 11.0
1981 6.0
1982 12.0
1983 23.0
1984 32.0
1985 21.0
1986 6.0
1987 3.0
1988 12.0
1989 11.0
1990 13.0
1991 10.0
1992 13.0
1993 4.0
1994 9.0
1995 11.0
1996 18.0
1997 27.0
1998 37.0
1999 23.0
2000 7.0
2001 4.0
2002 6.0
2003 4.0
2004 2.0
2005 1.0
2006 6.0
2007 2.0
2008 1.0
2009 3.0
2010 3.0
2011 6.0
2012 2.0
2013 7.0
2014 5.0
2015 2.0
2016 2.0
2017 9.0
2018 8.0
2019 14.0
2020 30.0
2021 41.0
2022 32.0
2023 37.0
2024 20.0
2025 4.0
2026 5.0
2027 6.0
2028 9.0
2029 7.0
2030 7.0
2031 6.0
2032 8.0
2033 6.0
2034 8.0
2035 4.0
2036 7.0
2037 19.0
2038 28.0
2039 21.0
2040 32.0
2041 43.0
2042 40.0
2043 32.0
2044 17.0
2045 7.0
2046 15.0
2047 4.0
2048 13.0
2049 7.0
2050 6.0
2051 6.0
2052 7.0
2053 7.0
2054 3.0
2055 13.0
2056 4.0
2057 11.0
2058 6.0
2059 3.0
2060 9.0
2061 3.0
2062 5.0
2063 10.0
2064 1.0
2065 2.0
2066 4.0
2067 5.0
2068 2.0
2069 3.0
2070 12.0
2071 16.0
2072 12.0
2073 13.0
2074 4.0
2075 4.0
2076 6.0
2077 10.0
2078 21.0
2079 15.0
2080 33.0
2081 45.0
2082 51.0
2083 32.0
2084 22.0
2085 6.0
2086 7.0
2087 4.0
2088 5.0
2089 7.0
2090 9.0
2091 13.0
2092 5.0
2093 5.0
2094 13.0
2095 8.0
2096 12.0
2097 19.0
2098 15.0
2099 21.0
2100 23.0
2101 26.0
2102 40.0
2103 18.0
2104 5.0
2105 5.0
2106 8.0
2107 13.0
2108 3.0
2109 8.0
2110 4.0
2111 6.0
2112 7.0
2113 5.0
2114 2.0
2115 3.0
2116 7.0
2117 5.0
2118 9.0
2119 15.0
2120 6.0
2121 5.0
2122 12.0
2123 3.0
2124 7.0
2125 8.0
2126 7.0
2127 18.0
2128 15.0
2129 17.0
2130 16.0
2131 13.0
2132 4.0
2133 6.0
2134 12.0
2135 1.0
2136 5.0
2137 6.0
2138 17.0
2139 4.0
2140 7.0
2141 10.0
2142 3.0
2143 11.0
2144 32.0
2145 52.0
2146 32.0
2147 9.0
2148 4.0
2149 2.0
2150 7.0
2151 2.0
2152 3.0
2153 6.0
2154 5.0
2155 9.0
2156 7.0
2157 9.0
2158 23.0
2159 24.0
2160 19.0
2161 24.0
2162 21.0
2163 3.0
2164 4.0
2165 6.0
2166 1.0
2167 2.0
2168 5.0
2169 2.0
2170 2.0
2171 4.0
2172 5.0
2173 14.0
2174 4.0
2175 4.0
2176 3.0
2177 4.0
2178 5.0
2179 2.0
2180 11.0
2181 7.0
2182 12.0
2183 8.0
2184 15.0
2185 5.0
2186 0.0
2187 2.0
2188 7.0
2189 11.0
2190 2.0
2191 9.0
2192 24.0
2193 34.0
2194 16.0
2195 7.0
2196 4.0
2197 16.0
2198 16.0
2199 5.0
2200 3.0
2201 5.0
2202 3.0
2203 11.0
2204 4.0
2205 11.0
2206 5.0
2207 4.0
2208 1.0
2209 2.0
2210 6.0
2211 4.0
2212 10.0
2213 7.0
2214 5.0
2215 6.0
2216 7.0
2217 12.0
2218 2.0
2219 5.0
2220 9.0
2221 19.0
2222 26.0
2223 1.0
2224 5.0
2225 6.0
2226 7.0
2227 13.0
2228 18.0
2229 20.0
2230 5.0
2231 4.0
2232 3.0
2233 5.0
2234 10.0
2235 4.0
2236 4.0
2237 9.0
2238 15.0
2239 21.0
2240 16.0
2241 8.0
2242 3.0
2243 3.0
2244 0.0
2245 1.0
2246 5.0
2247 2.0
2248 3.0
2249 6.0
2250 1.0
2251 1.0
2252 2.0
2253 4.0
2254 6.0
2255 4.0
2256 4.0
2257 3.0
2258 7.0
2259 4.0
2260 2.0
2261 4.0
2262 4.0
2263 4.0
2264 13.0
2265 7.0
2266 8.0
2267 1.0
2268 7.0
2269 14.0
2270 5.0
2271 4.0
2272 2.0
2273 6.0
2274 2.0
2275 3.0
2276 8.0
2277 1.0
2278 2.0
2279 2.0
2280 6.0
2281 6.0
2282 4.0
2283 4.0
2284 6.0
2285 2.0
2286 2.0
2287 5.0
2288 14.0
2289 19.0
2290 12.0
2291 10.0
2292 7.0
2293 2.0
2294 3.0
2295 7.0
2296 8.0
2297 2.0
2298 2.0
2299 0.0
2300 1.0
2301 1.0
2302 3.0
2303 2.0
2304 3.0
2305 6.0
2306 2.0
2307 11.0
2308 13.0
2309 4.0
2310 2.0
2311 2.0
2312 5.0
2313 2.0
2314 2.0
2315 3.0
2316 4.0
2317 2.0
2318 3.0
2319 0.0
2320 3.0
2321 3.0
2322 0.0
2323 0.0
2324 0.0
2325 2.0
2326 3.0
2327 0.0
2328 0.0
2329 1.0
2330 0.0
2331 0.0
2332 4.0
2333 4.0
2334 2.0
2335 3.0
2336 2.0
2337 6.0
2338 3.0
2339 6.0
2340 7.0
2341 0.0
2342 2.0
2343 1.0
2344 3.0
2345 17.0
2346 20.0
2347 8.0
2348 0.0
2349 1.0
2350 7.0
2351 3.0
2352 3.0
2353 3.0
2354 2.0
2355 2.0
2356 5.0
2357 2.0
2358 3.0
2359 3.0
2360 6.0
2361 1.0
2362 4.0
2363 11.0
2364 2.0
2365 6.0
2366 8.0
2367 2.0
2368 0.0
2369 0.0
2370 0.0
2371 2.0
2372 4.0
2373 5.0
2374 4.0
2375 5.0
2376 4.0
2377 3.0
2378 0.0
2379 0.0
2380 0.0
2381 3.0
2382 6.0
2383 5.0
2384 5.0
2385 6.0
2386 0.0
2387 2.0
2388 3.0
2389 2.0
2390 3.0
2391 2.0
2392 0.0
2393 1.0
2394 0.0
2395 0.0
2396 1.0
2397 5.0
2398 7.0
2399 4.0
2400 2.0
2401 2.0
2402 8.0
2403 11.0
2404 8.0
2405 4.0
2406 4.0
2407 1.0
2408 1.0
2409 3.0
2410 8.0
2411 3.0
2412 1.0
2413 2.0
2414 1.0
2415 2.0
2416 3.0
2417 2.0
2418 1.0
2419 0.0
2420 3.0
2421 10.0
2422 10.0
2423 7.0
2424 12.0
2425 5.0
2426 0.0
2427 0.0
2428 0.0
2429 1.0
2430 4.0
2431 2.0
2432 2.0
2433 0.0
2434 0.0
2435 1.0
2436 8.0
2437 3.0
2438 0.0
2439 0.0
2440 1.0
2441 0.0
2442 1.0
2443 3.0
2444 6.0
2445 7.0
2446 2.0
2447 0.0
2448 1.0
2449 0.0
2450 1.0
2451 4.0
2452 2.0
2453 1.0
2454 0.0
2455 2.0
2456 5.0
2457 2.0
2458 1.0
2459 8.0
2460 1.0
2461 4.0
2462 1.0
2463 2.0
2464 6.0
2465 1.0
2466 1.0
2467 1.0
2468 2.0
2469 4.0
2470 8.0
2471 0.0
2472 1.0
2473 1.0
2474 2.0
2475 2.0
2476 2.0
2477 0.0
2478 1.0
2479 5.0
2480 2.0
2481 1.0
2482 1.0
2483 0.0
2484 0.0
2485 0.0
2486 1.0
2487 3.0
2488 3.0
2489 1.0
2490 0.0
2491 0.0
2492 0.0
2493 0.0
2494 0.0
2495 0.0
2496 1.0
2497 0.0
2498 0.0
2499 1.0
2500 1.0
