1 34.0
2 34.0
3 37.0
4 40.0
5 28.0
6 34.0
7 34.0
8 32.0
9 39.0
10 52.0
11 39.0
12 36.0
13 32.0
14 35.0
15 42.0
16 39.0
17 38.0
18 44.0
19 49.0
20 40.0
21 35.0
22 46.0
23 48.0
24 42.0
25 48.0
26 48.0
27 43.0
28 44.0
29 42.0
30 48.0
31 50.0
32 42.0
33 45.0
34 47.0
35 56.0
36 44.0
37 42.0
38 42.0
39 44.0
40 48.0
41 47.0
42 45.0
43 47.0
44 44.0
45 48.0
46 47.0
47 50.0
48 56.0
49 54.0
50 57.0
51 56.0
52 54.0
53 53.0
54 59.0
55 56.0
56 53.0
57 49.0
58 57.0
59 51.0
60 57.0
61 56.0
62 58.0
63 54.0
64 58.0
65 61.0
66 50.0
67 59.0
68 54.0
69 55.0
70 60.0
71 61.0
72 44.0
73 45.0
74 55.0
75 47.0
76 45.0
77 51.0
78 46.0
79 54.0
80 44.0
81 57.0
82 54.0
83 51.0
84 57.0
85 58.0
86 58.0
87 57.0
88 61.0
89 52.0
90 59.0
91 55.0
92 58.0
93 50.0
94 49.0
95 63.0
96 47.0
97 41.0
98 49.0
99 54.0
100 44.0
101 54.0
102 50.0
103 52.0
104 42.0
105 42.0
106 39.0
107 40.0
108 50.0
109 42.0
110 43.0
111 43.0
112 36.0
113 43.0
114 49.0
115 44.0
116 40.0
117 45.0
118 52.0
119 52.0
120 51.0
121 53.0
122 50.0
123 52.0
124 50.0
125 52.0
126 45.0
127 54.0
128 50.0
129 52.0
130 50.0
131 46.0
132 43.0
133 57.0
134 51.0
135 54.0
136 56.0
137 54.0
138 52.0
139 57.0
140 56.0
141 57.0
142 56.0
143 56.0
144 60.0
145 59.0
146 58.0
147 42.0
148 47.0
149 50.0
150 53.0
151 49.0
152 52.0
153 63.0
154 49.0
155 48.0
156 50.0
157 54.0
158 49.0
159 42.0
160 57.0
161 41.0
162 51.0
163 54.0
164 47.0
165 49.0
166 47.0
167 52.0
168 42.0
169 50.0
170 51.0
171 52.0
172 49.0
173 44.0
174 61.0
175 62.0
176 53.0
177 58.0
178 37.0
179 45.0
180 41.0
181 55.0
182 44.0
183 49.0
184 48.0
185 53.0
186 54.0
187 49.0
188 51.0
189 51.0
190 56.0
191 38.0
192 43.0
193 41.0
194 46.0
195 44.0
196 46.0
197 45.0
198 46.0
199 44.0
200 57.0
201 37.0
202 44.0
203 53.0
204 46.0
205 57.0
206 53.0
207 49.0
208 58.0
209 53.0
210 57.0
211 53.0
212 49.0
213 56.0
214 55.0
215 55.0
216 59.0
217 59.0
218 46.0
219 47.0
220 65.0
221 58.0
222 54.0
223 59.0
224 59.0
225 56.0
226 58.0
227 58.0
228 64.0
229 55.0
230 54.0
231 55.0
232 53.0
233 46.0
234 52.0
235 56.0
236 47.0
237 46.0
238 51.0
239 52.0
240 51.0
241 40.0
242 54.0
243 46.0
244 46.0
245 50.0
246 42.0
247 56.0
248 46.0
249 49.0
250 55.0
251 46.0
252 37.0
253 49.0
254 56.0
255 52.0
256 47.0
257 39.0
258 45.0
259 41.0
260 39.0
261 39.0
262 48.0
263 57.0
264 51.0
265 44.0
266 55.0
267 46.0
268 42.0
269 41.0
270 45.0
271 39.0
272 42.0
273 46.0
274 40.0
275 34.0
276 48.0
277 55.0
278 48.0
279 41.0
280 39.0
281 39.0
282 37.0
283 41.0
284 42.0
285 39.0
286 38.0
287 42.0
288 49.0
289 47.0
290 49.0
291 43.0
292 46.0
293 44.0
294 44.0
295 42.0
296 52.0
297 46.0
298 46.0
299 45.0
300 42.0
301 49.0
302 53.0
303 43.0
304 37.0
305 46.0
306 56.0
307 45.0
308 47.0
309 51.0
310 42.0
311 45.0
312 54.0
313 38.0
314 38.0
315 45.0
316 39.0
317 43.0
318 36.0
319 37.0
320 50.0
321 36.0
322 45.0
323 46.0
324 34.0
325 46.0
326 33.0
327 51.0
328 47.0
329 45.0
330 39.0
331 46.0
332 35.0
333 48.0
334 39.0
335 50.0
336 39.0
337 38.0
338 46.0
339 45.0
340 39.0
341 42.0
342 42.0
343 38.0
344 32.0
345 35.0
346 48.0
347 40.0
348 32.0
349 39.0
350 30.0
351 42.0
352 41.0
353 47.0
354 36.0
355 45.0
356 44.0
357 49.0
358 45.0
359 46.0
360 49.0
361 36.0
362 43.0
363 35.0
364 37.0
365 40.0
366 43.0
367 45.0
368 43.0
369 34.0
370 39.0
371 38.0
372 42.0
373 40.0
374 36.0
375 40.0
376 50.0
377 40.0
378 41.0
379 47.0
380 47.0
381 34.0
382 34.0
383 34.0
384 29.0
385 37.0
386 44.0
387 43.0
388 37.0
389 43.0
390 44.0
391 39.0
392 33.0
393 35.0
394 32.0
395 40.0
396 41.0
397 45.0
398 44.0
399 46.0
400 46.0
401 38.0
402 44.0
403 37.0
404 34.0
405 34.0
406 28.0
407 37.0
408 34.0
409 44.0
410 41.0
411 52.0
412 48.0
413 49.0
414 39.0
415 48.0
416 48.0
417 36.0
418 49.0
419 47.0
420 41.0
421 41.0
422 43.0
423 53.0
424 42.0
425 47.0
426 42.0
427 41.0
428 40.0
429 43.0
430 34.0
431 40.0
432 40.0
433 41.0
434 52.0
435 42.0
436 50.0
437 50.0
438 46.0
439 41.0
440 48.0
441 51.0
442 48.0
443 45.0
444 36.0
445 49.0
446 38.0
447 36.0
448 34.0
449 41.0
450 46.0
451 51.0
452 42.0
453 40.0
454 48.0
455 52.0
456 48.0
457 46.0
458 39.0
459 42.0
460 42.0
461 48.0
462 41.0
463 49.0
464 45.0
465 45.0
466 46.0
467 40.0
468 39.0
469 35.0
470 35.0
471 45.0
472 40.0
473 32.0
474 39.0
475 46.0
476 47.0
477 46.0
478 35.0
479 33.0
480 38.0
481 41.0
482 39.0
483 42.0
484 47.0
485 38.0
486 44.0
487 37.0
488 40.0
489 43.0
490 41.0
491 38.0
492 43.0
493 39.0
494 37.0
495 37.0
496 43.0
497 39.0
498 42.0
499 40.0
500 44.0
501 40.0
502 38.0
503 32.0
504 36.0
505 32.0
506 41.0
507 41.0
508 44.0
509 34.0
510 40.0
511 44.0
512 43.0
513 44.0
514 41.0
515 41.0
516 36.0
517 37.0
518 41.0
519 36.0
520 39.0
521 47.0
522 49.0
523 40.0
524 39.0
525 38.0
526 43.0
527 39.0
528 44.0
529 41.0
530 36.0
531 46.0
532 42.0
533 43.0
534 46.0
535 52.0
536 45.0
537 38.0
538 36.0
539 37.0
540 32.0
541 43.0
542 44.0
543 46.0
544 50.0
545 51.0
546 37.0
547 48.0
548 43.0
549 41.0
550 48.0
551 49.0
552 49.0
553 51.0
554 44.0
555 41.0
556 48.0
557 37.0
558 44.0
559 47.0
560 43.0
561 40.0
562 39.0
563 34.0
564 36.0
565 38.0
566 48.0
567 41.0
568 46.0
569 39.0
570 44.0
571 41.0
572 47.0
573 46.0
574 32.0
575 38.0
576 42.0
577 42.0
578 36.0
579 41.0
580 39.0
581 44.0
582 47.0
583 36.0
584 37.0
585 27.0
586 38.0
587 43.0
588 30.0
589 41.0
590 38.0
591 44.0
592 49.0
593 42.0
594 38.0
595 34.0
596 52.0
597 36.0
598 33.0
599 50.0
600 45.0
601 47.0
602 31.0
603 34.0
604 36.0
605 43.0
606 40.0
607 47.0
608 41.0
609 36.0
610 36.0
611 40.0
612 41.0
613 37.0
614 45.0
615 41.0
616 40.0
617 38.0
618 39.0
619 38.0
620 37.0
621 50.0
622 44.0
623 40.0
624 42.0
625 46.0
626 59.0
627 51.0
628 50.0
629 40.0
630 43.0
631 33.0
632 36.0
633 36.0
634 36.0
635 33.0
636 44.0
637 38.0
638 37.0
639 41.0
640 43.0
641 39.0
642 41.0
643 46.0
644 49.0
645 42.0
646 39.0
647 41.0
648 41.0
649 50.0
650 33.0
651 42.0
652 41.0
653 48.0
654 52.0
655 41.0
656 33.0
657 36.0
658 38.0
659 36.0
660 42.0
661 40.0
662 38.0
663 38.0
664 36.0
665 46.0
666 42.0
667 39.0
668 34.0
669 43.0
670 36.0
671 34.0
672 33.0
673 33.0
674 34.0
675 30.0
676 41.0
677 49.0
678 45.0
679 52.0
680 43.0
681 38.0
682 35.0
683 45.0
684 34.0
685 29.0
686 35.0
687 40.0
688 34.0
689 35.0
690 38.0
691 32.0
692 29.0
693 39.0
694 46.0
695 32.0
696 39.0
697 34.0
698 41.0
699 34.0
700 42.0
701 40.0
702 36.0
703 42.0
704 36.0
705 42.0
706 44.0
707 40.0
708 40.0
709 43.0
710 53.0
711 40.0
712 41.0
713 58.0
714 44.0
715 45.0
716 42.0
717 48.0
718 48.0
719 49.0
720 39.0
721 56.0
722 39.0
723 32.0
724 43.0
725 46.0
726 44.0
727 53.0
728 41.0
729 43.0
730 44.0
731 44.0
732 42.0
733 42.0
734 39.0
735 51.0
736 54.0
737 51.0
738 37.0
739 50.0
740 55.0
741 53.0
742 45.0
743 45.0
744 52.0
745 44.0
746 56.0
747 55.0
748 61.0
749 50.0
750 42.0
751 28.0
752 33.0
753 45.0
754 38.0
755 45.0
756 57.0
757 51.0
758 36.0
759 46.0
760 49.0
761 54.0
762 53.0
763 52.0
764 49.0
765 47.0
766 49.0
767 53.0
768 61.0
769 53.0
770 46.0
771 38.0
772 48.0
773 47.0
774 51.0
775 54.0
776 58.0
777 53.0
778 47.0
779 49.0
780 44.0
781 55.0
782 56.0
783 51.0
784 59.0
785 50.0
786 43.0
787 41.0
788 44.0
789 39.0
790 48.0
791 49.0
792 46.0
793 47.0
794 46.0
795 47.0
796 51.0
797 57.0
798 54.0
799 53.0
800 52.0
801 57.0
802 51.0
803 42.0
804 56.0
805 62.0
806 59.0
807 59.0
808 60.0
809 49.0
810 48.0
811 42.0
812 45.0
813 45.0
814 48.0
815 51.0
816 53.0
817 50.0
818 46.0
819 54.0
820 36.0
821 46.0
822 47.0
823 46.0
824 53.0
825 55.0
826 43.0
827 44.0
828 39.0
829 40.0
830 45.0
831 45.0
832 49.0
833 51.0
834 50.0
835 56.0
836 54.0
837 47.0
838 40.0
839 43.0
840 41.0
841 51.0
842 46.0
843 42.0
844 38.0
845 44.0
846 50.0
847 58.0
848 51.0
849 48.0
850 47.0
851 42.0
852 40.0
853 41.0
854 53.0
855 46.0
856 43.0
857 50.0
858 56.0
859 51.0
860 58.0
861 57.0
862 43.0
863 62.0
864 49.0
865 59.0
866 55.0
867 57.0
868 53.0
869 58.0
870 43.0
871 51.0
872 43.0
873 44.0
874 49.0
875 44.0
876 55.0
877 45.0
878 44.0
879 52.0
880 47.0
881 46.0
882 55.0
883 47.0
884 45.0
885 48.0
886 44.0
887 37.0
888 42.0
889 41.0
890 39.0
891 36.0
892 39.0
893 43.0
894 52.0
895 49.0
896 56.0
897 44.0
898 41.0
899 44.0
900 52.0
901 48.0
902 35.0
903 44.0
904 45.0
905 43.0
906 41.0
907 39.0
908 42.0
909 42.0
910 57.0
911 50.0
912 55.0
913 53.0
914 53.0
915 50.0
916 50.0
917 43.0
918 54.0
919 60.0
920 58.0
921 46.0
922 49.0
923 39.0
924 42.0
925 54.0
926 52.0
927 54.0
928 48.0
929 55.0
930 55.0
931 57.0
932 58.0
933 36.0
934 37.0
935 38.0
936 41.0
937 40.0
938 34.0
939 40.0
940 42.0
941 49.0
942 48.0
943 38.0
944 40.0
945 48.0
946 40.0
947 45.0
948 45.0
949 53.0
950 56.0
951 44.0
952 44.0
953 40.0
954 52.0
955 46.0
956 54.0
957 47.0
958 42.0
959 34.0
960 48.0
961 34.0
962 36.0
963 46.0
964 36.0
965 34.0
966 42.0
967 42.0
968 43.0
969 45.0
970 36.0
971 48.0
972 47.0
973 56.0
974 59.0
975 61.0
976 45.0
977 51.0
978 47.0
979 57.0
980 55.0
981 57.0
982 44.0
983 45.0
984 54.0
985 39.0
986 35.0
987 39.0
988 40.0
989 34.0
990 37.0
991 41.0
992 46.0
993 54.0
994 48.0
995 45.0
996 43.0
997 39.0
998 28.0
999 41.0
1000 40.0
1001 32.0
1002 43.0
1003 46.0
1004 58.0
1005 53.0
1006 59.0
1007 55.0
1008 55.0
1009 37.0
1010 44.0
1011 49.0
1012 44.0
1013 42.0
1014 48.0
1015 55.0
1016 48.0
1017 45.0
1018 55.0
1019 49.0
1020 51.0
1021 52.0
1022 58.0
1023 52.0
1024 65.0
1025 66.0
1026 61.0
1027 57.0
1028 60.0
1029 54.0
1030 51.0
1031 49.0
1032 49.0
1033 55.0
1034 58.0
1035 50.0
1036 51.0
1037 54.0
1038 57.0
1039 43.0
1040 44.0
1041 38.0
1042 44.0
1043 46.0
1044 50.0
1045 43.0
1046 51.0
1047 45.0
1048 41.0
1049 43.0
1050 44.0
1051 46.0
1052 45.0
1053 53.0
1054 46.0
1055 45.0
1056 61.0
1057 47.0
1058 50.0
1059 47.0
1060 41.0
1061 35.0
1062 32.0
1063 25.0
1064 32.0
1065 31.0
1066 42.0
1067 51.0
1068 49.0
1069 49.0
1070 53.0
1071 52.0
1072 48.0
1073 60.0
1074 43.0
1075 42.0
1076 49.0
1077 41.0
1078 55.0
1079 36.0
1080 34.0
1081 35.0
1082 35.0
1083 42.0
1084 48.0
1085 48.0
1086 48.0
1087 44.0
1088 55.0
1089 42.0
1090 37.0
1091 41.0
1092 40.0
1093 45.0
1094 46.0
1095 34.0
1096 34.0
1097 40.0
1098 43.0
1099 43.0
1100 46.0
1101 31.0
1102 43.0
1103 40.0
1104 48.0
1105 50.0
1106 63.0
1107 53.0
1108 55.0
1109 42.0
1110 52.0
1111 48.0
1112 43.0
1113 46.0
1114 49.0
1115 48.0
1116 41.0
1117 45.0
1118 41.0
1119 41.0
1120 35.0
1121 37.0
1122 38.0
1123 41.0
1124 37.0
1125 51.0
1126 43.0
1127 51.0
1128 36.0
1129 53.0
1130 60.0
1131 51.0
1132 49.0
1133 41.0
1134 45.0
1135 37.0
1136 34.0
1137 43.0
1138 44.0
1139 50.0
1140 45.0
1141 49.0
1142 52.0
1143 56.0
1144 42.0
1145 35.0
1146 48.0
1147 39.0
1148 33.0
1149 50.0
1150 43.0
1151 54.0
1152 52.0
1153 48.0
1154 52.0
1155 44.0
1156 47.0
1157 41.0
1158 32.0
1159 34.0
1160 34.0
1161 51.0
1162 38.0
1163 45.0
1164 60.0
1165 53.0
1166 66.0
1167 60.0
1168 64.0
1169 54.0
1170 53.0
1171 45.0
1172 50.0
1173 33.0
1174 41.0
1175 56.0
1176 58.0
1177 57.0
1178 56.0
1179 62.0
1180 56.0
1181 56.0
1182 42.0
1183 40.0
1184 46.0
1185 47.0
1186 51.0
1187 59.0
1188 49.0
1189 59.0
1190 61.0
1191 50.0
1192 47.0
1193 40.0
1194 39.0
1195 52.0
1196 53.0
1197 53.0
1198 48.0
1199 42.0
1200 53.0
1201 38.0
1202 48.0
1203 44.0
1204 48.0
1205 45.0
1206 44.0
1207 59.0
1208 54.0
1209 45.0
1210 40.0
1211 26.0
1212 29.0
1213 43.0
1214 41.0
1215 46.0
1216 47.0
1217 48.0
1218 55.0
1219 51.0
1220 47.0
1221 53.0
1222 55.0
1223 47.0
1224 70.0
1225 50.0
1226 54.0
1227 59.0
1228 57.0
1229 61.0
1230 53.0
1231 43.0
1232 37.0
1233 53.0
1234 56.0
1235 60.0
1236 56.0
1237 50.0
1238 56.0
1239 53.0
1240 56.0
1241 62.0
1242 56.0
1243 58.0
1244 47.0
1245 46.0
1246 33.0
1247 50.0
1248 41.0
1249 45.0
1250 45.0
1251 48.0
1252 37.0
1253 55.0
1254 54.0
1255 55.0
1256 43.0
1257 50.0
1258 37.0
1259 33.0
1260 32.0
1261 35.0
1262 37.0
1263 37.0
1264 45.0
1265 48.0
1266 48.0
1267 59.0
1268 70.0
1269 50.0
1270 63.0
1271 64.0
1272 59.0
1273 58.0
1274 64.0
1275 61.0
1276 50.0
1277 26.0
1278 28.0
1279 43.0
1280 43.0
1281 52.0
1282 52.0
1283 58.0
1284 59.0
1285 51.0
1286 55.0
1287 42.0
1288 49.0
1289 49.0
1290 47.0
1291 48.0
1292 51.0
1293 48.0
1294 37.0
1295 41.0
1296 41.0
1297 32.0
1298 30.0
1299 19.0
1300 24.0
1301 33.0
1302 36.0
1303 38.0
1304 46.0
1305 46.0
1306 34.0
1307 36.0
1308 46.0
1309 46.0
1310 39.0
1311 53.0
1312 54.0
1313 48.0
1314 61.0
1315 59.0
1316 53.0
1317 58.0
1318 42.0
1319 27.0
1320 38.0
1321 45.0
1322 45.0
1323 60.0
1324 63.0
1325 56.0
1326 61.0
1327 58.0
1328 57.0
1329 55.0
1330 65.0
1331 64.0
1332 43.0
1333 43.0
1334 49.0
1335 51.0
1336 56.0
1337 55.0
1338 47.0
1339 43.0
1340 55.0
1341 52.0
1342 55.0
1343 50.0
1344 49.0
1345 56.0
1346 62.0
1347 74.0
1348 70.0
1349 72.0
1350 63.0
1351 62.0
1352 51.0
1353 53.0
1354 65.0
1355 55.0
1356 55.0
1357 55.0
1358 46.0
1359 60.0
1360 46.0
1361 48.0
1362 56.0
1363 62.0
1364 45.0
1365 54.0
1366 56.0
1367 56.0
1368 59.0
1369 64.0
1370 53.0
1371 56.0
1372 43.0
1373 48.0
1374 44.0
1375 48.0
1376 52.0
1377 55.0
1378 58.0
1379 51.0
1380 56.0
1381 45.0
1382 49.0
1383 49.0
1384 59.0
1385 52.0
1386 65.0
1387 41.0
1388 54.0
1389 55.0
1390 44.0
1391 31.0
1392 24.0
1393 25.0
1394 33.0
1395 33.0
1396 28.0
1397 29.0
1398 46.0
1399 49.0
1400 57.0
1401 59.0
1402 54.0
1403 52.0
1404 60.0
1405 61.0
1406 52.0
1407 49.0
1408 40.0
1409 43.0
1410 41.0
1411 50.0
1412 46.0
1413 55.0
1414 61.0
1415 64.0
1416 58.0
1417 64.0
1418 66.0
1419 71.0
1420 63.0
1421 57.0
1422 36.0
1423 35.0
1424 37.0
1425 37.0
1426 54.0
1427 40.0
1428 57.0
1429 54.0
1430 55.0
1431 60.0
1432 60.0
1433 66.0
1434 63.0
1435 67.0
1436 58.0
1437 65.0
1438 69.0
1439 60.0
1440 63.0
1441 63.0
1442 57.0
1443 63.0
1444 67.0
1445 58.0
1446 63.0
1447 51.0
1448 38.0
1449 31.0
1450 30.0
1451 49.0
1452 37.0
1453 57.0
1454 57.0
1455 66.0
1456 71.0
1457 75.0
1458 65.0
1459 65.0
1460 65.0
1461 59.0
1462 61.0
1463 68.0
1464 69.0
1465 65.0
1466 72.0
1467 60.0
1468 54.0
1469 43.0
1470 50.0
1471 51.0
1472 54.0
1473 53.0
1474 61.0
1475 59.0
1476 59.0
1477 64.0
1478 66.0
1479 58.0
1480 68.0
1481 58.0
1482 70.0
1483 63.0
1484 66.0
1485 69.0
1486 67.0
1487 66.0
1488 60.0
1489 58.0
1490 40.0
1491 49.0
1492 50.0
1493 41.0
1494 58.0
1495 58.0
1496 46.0
1497 41.0
1498 33.0
1499 34.0
1500 41.0
1501 38.0
1502 44.0
1503 38.0
1504 40.0
1505 47.0
1506 60.0
1507 58.0
1508 63.0
1509 60.0
1510 56.0
1511 63.0
1512 67.0
1513 71.0
1514 57.0
1515 38.0
1516 28.0
1517 45.0
1518 25.0
1519 33.0
1520 38.0
1521 45.0
1522 42.0
1523 43.0
1524 56.0
1525 50.0
1526 60.0
1527 64.0
1528 52.0
1529 59.0
1530 47.0
1531 40.0
1532 41.0
1533 40.0
1534 50.0
1535 59.0
1536 69.0
1537 71.0
1538 74.0
1539 69.0
1540 74.0
1541 70.0
1542 72.0
1543 62.0
1544 62.0
1545 45.0
1546 36.0
1547 36.0
1548 39.0
1549 35.0
1550 36.0
1551 45.0
1552 41.0
1553 47.0
1554 49.0
1555 52.0
1556 46.0
1557 54.0
1558 53.0
1559 65.0
1560 70.0
1561 61.0
1562 49.0
1563 43.0
1564 18.0
1565 26.0
1566 34.0
1567 25.0
1568 41.0
1569 37.0
1570 43.0
1571 51.0
1572 44.0
1573 61.0
1574 66.0
1575 68.0
1576 68.0
1577 77.0
1578 67.0
1579 63.0
1580 61.0
1581 42.0
1582 39.0
1583 45.0
1584 34.0
1585 45.0
1586 50.0
1587 56.0
1588 57.0
1589 62.0
1590 76.0
1591 66.0
1592 72.0
1593 73.0
1594 72.0
1595 61.0
1596 46.0
1597 34.0
1598 30.0
1599 29.0
1600 39.0
1601 27.0
1602 45.0
1603 48.0
1604 53.0
1605 60.0
1606 47.0
1607 45.0
1608 43.0
1609 39.0
1610 51.0
1611 49.0
1612 54.0
1613 61.0
1614 56.0
1615 57.0
1616 62.0
1617 62.0
1618 66.0
1619 67.0
1620 57.0
1621 61.0
1622 64.0
1623 64.0
1624 67.0
1625 67.0
1626 63.0
1627 64.0
1628 60.0
1629 44.0
1630 45.0
1631 39.0
1632 40.0
1633 35.0
1634 48.0
1635 44.0
1636 55.0
1637 65.0
1638 70.0
1639 71.0
1640 68.0
1641 60.0
1642 63.0
1643 55.0
1644 53.0
1645 48.0
1646 45.0
1647 38.0
1648 50.0
1649 61.0
1650 65.0
1651 61.0
1652 58.0
1653 55.0
1654 71.0
1655 64.0
1656 72.0
1657 75.0
1658 72.0
1659 63.0
1660 65.0
1661 50.0
1662 45.0
1663 47.0
1664 42.0
1665 37.0
1666 24.0
1667 37.0
1668 44.0
1669 41.0
1670 54.0
1671 53.0
1672 51.0
1673 45.0
1674 36.0
1675 44.0
1676 48.0
1677 37.0
1678 46.0
1679 61.0
1680 58.0
1681 59.0
1682 77.0
1683 62.0
1684 47.0
1685 37.0
1686 38.0
1687 36.0
1688 38.0
1689 45.0
1690 54.0
1691 64.0
1692 57.0
1693 66.0
1694 59.0
1695 71.0
1696 64.0
1697 58.0
1698 65.0
1699 51.0
1700 37.0
1701 39.0
1702 42.0
1703 30.0
1704 57.0
1705 54.0
1706 55.0
1707 65.0
1708 72.0
1709 64.0
1710 64.0
1711 54.0
1712 63.0
1713 56.0
1714 50.0
1715 65.0
1716 65.0
1717 67.0
1718 62.0
1719 59.0
1720 54.0
1721 62.0
1722 48.0
1723 56.0
1724 46.0
1725 52.0
1726 53.0
1727 60.0
1728 45.0
1729 45.0
1730 43.0
1731 38.0
1732 28.0
1733 25.0
1734 27.0
1735 32.0
1736 41.0
1737 45.0
1738 32.0
1739 55.0
1740 65.0
1741 74.0
1742 74.0
1743 77.0
1744 77.0
1745 81.0
1746 78.0
1747 64.0
1748 58.0
1749 57.0
1750 63.0
1751 62.0
1752 65.0
1753 68.0
1754 64.0
1755 75.0
1756 66.0
1757 75.0
1758 82.0
1759 82.0
1760 78.0
1761 73.0
1762 69.0
1763 73.0
1764 77.0
1765 75.0
1766 82.0
1767 74.0
1768 75.0
1769 72.0
1770 59.0
1771 71.0
1772 71.0
1773 70.0
1774 75.0
1775 78.0
1776 72.0
1777 74.0
1778 75.0
1779 35.0
1780 43.0
1781 48.0
1782 38.0
1783 33.0
1784 46.0
1785 42.0
1786 51.0
1787 47.0
1788 41.0
1789 36.0
1790 61.0
1791 47.0
1792 58.0
1793 62.0
1794 60.0
1795 49.0
1796 48.0
1797 59.0
1798 62.0
1799 69.0
1800 67.0
1801 57.0
1802 59.0
1803 56.0
1804 40.0
1805 35.0
1806 48.0
1807 43.0
1808 52.0
1809 57.0
1810 48.0
1811 64.0
1812 68.0
1813 78.0
1814 75.0
1815 80.0
1816 52.0
1817 58.0
1818 59.0
1819 46.0
1820 37.0
1821 46.0
1822 42.0
1823 39.0
1824 33.0
1825 46.0
1826 46.0
1827 44.0
1828 68.0
1829 70.0
1830 75.0
1831 73.0
1832 72.0
1833 74.0
1834 64.0
1835 41.0
1836 30.0
1837 37.0
1838 43.0
1839 49.0
1840 49.0
1841 65.0
1842 66.0
1843 71.0
1844 71.0
1845 67.0
1846 68.0
1847 70.0
1848 71.0
1849 73.0
1850 74.0
1851 79.0
1852 82.0
1853 73.0
1854 73.0
1855 70.0
1856 57.0
1857 57.0
1858 64.0
1859 51.0
1860 61.0
1861 56.0
1862 57.0
1863 73.0
1864 71.0
1865 68.0
1866 80.0
1867 85.0
1868 79.0
1869 81.0
1870 80.0
1871 76.0
1872 61.0
1873 42.0
1874 31.0
1875 42.0
1876 43.0
1877 47.0
1878 59.0
1879 64.0
1880 68.0
1881 66.0
1882 49.0
1883 48.0
1884 50.0
1885 56.0
1886 63.0
1887 72.0
1888 72.0
1889 78.0
1890 74.0
1891 62.0
1892 64.0
1893 65.0
1894 69.0
1895 61.0
1896 45.0
1897 46.0
1898 45.0
1899 50.0
1900 34.0
1901 58.0
1902 59.0
1903 67.0
1904 67.0
1905 67.0
1906 51.0
1907 53.0
1908 42.0
1909 47.0
1910 44.0
1911 40.0
1912 56.0
1913 61.0
1914 72.0
1915 67.0
1916 66.0
1917 71.0
1918 69.0
1919 63.0
1920 67.0
1921 61.0
1922 67.0
1923 55.0
1924 53.0
1925 59.0
1926 64.0
1927 72.0
1928 70.0
1929 77.0
1930 68.0
1931 65.0
1932 72.0
1933 62.0
1934 65.0
1935 60.0
1936 60.0
1937 42.0
1938 30.0
1939 40.0
1940 48.0
1941 47.0
1942 43.0
1943 72.0
1944 73.0
1945 77.0
1946 76.0
1947 67.0
1948 51.0
1949 33.0
1950 31.0
1951 34.0
1952 39.0
1953 36.0
1954 54.0
1955 63.0
1956 66.0
1957 75.0
1958 65.0
1959 52.0
1960 49.0
1961 49.0
1962 55.0
1963 56.0
1964 65.0
1965 67.0
1966 80.0
1967 76.0
1968 79.0
1969 75.0
1970 79.0
1971 83.0
1972 79.0
1973 75.0
1974 74.0
1975 72.0
1976 78.0
1977 75.0
1978 72.0
1979 85.0
1980 76.0
1981 81.0
1982 76.0
1983 65.0
1984 53.0
1985 57.0
1986 53.0
1987 60.0
1988 65.0
1989 69.0
1990 70.0
1991 69.0
1992 69.0
1993 72.0
1994 61.0
1995 75.0
1996 63.0
1997 61.0
1998 48.0
1999 50.0
2000 64.0
2001 61.0
2002 67.0
2003 80.0
2004 77.0
2005 83.0
2006 81.0
2007 85.0
2008 94.0
2009 93.0
2010 91.0
2011 87.0
2012 88.0
2013 81.0
2014 87.0
2015 88.0
2016 85.0
2017 82.0
2018 80.0
2019 78.0
2020 61.0
2021 51.0
2022 56.0
2023 39.0
2024 53.0
2025 64.0
2026 57.0
2027 68.0
2028 77.0
2029 74.0
2030 75.0
2031 81.0
2032 76.0
2033 78.0
2034 77.0
2035 83.0
2036 69.0
2037 66.0
2038 58.0
2039 69.0
2040 55.0
2041 38.0
2042 31.0
2043 35.0
2044 39.0
2045 43.0
2046 45.0
2047 54.0
2048 56.0
2049 69.0
2050 69.0
2051 73.0
2052 79.0
2053 84.0
2054 80.0
2055 70.0
2056 79.0
2057 71.0
2058 81.0
2059 81.0
2060 81.0
2061 90.0
2062 83.0
2063 78.0
2064 88.0
2065 88.0
2066 89.0
2067 86.0
2068 88.0
2069 90.0
2070 80.0
2071 76.0
2072 79.0
2073 78.0
2074 83.0
2075 79.0
2076 74.0
2077 74.0
2078 65.0
2079 72.0
2080 51.0
2081 39.0
2082 37.0
2083 51.0
2084 52.0
2085 49.0
2086 37.0
2087 67.0
2088 70.0
2089 76.0
2090 76.0
2091 72.0
2092 75.0
2093 78.0
2094 78.0
2095 83.0
2096 72.0
2097 66.0
2098 73.0
2099 63.0
2100 55.0
2101 53.0
2102 29.0
2103 50.0
2104 44.0
2105 50.0
2106 68.0
2107 66.0
2108 79.0
2109 73.0
2110 75.0
2111 77.0
2112 82.0
2113 84.0
2114 84.0
2115 84.0
2116 79.0
2117 82.0
2118 78.0
2119 66.0
2120 84.0
2121 80.0
2122 73.0
2123 84.0
2124 78.0
2125 76.0
2126 77.0
2127 70.0
2128 76.0
2129 64.0
2130 64.0
2131 55.0
2132 58.0
2133 74.0
2134 68.0
2135 82.0
2136 88.0
2137 87.0
2138 72.0
2139 88.0
2140 84.0
2141 77.0
2142 87.0
2143 71.0
2144 57.0
2145 34.0
2146 50.0
2147 60.0
2148 44.0
2149 58.0
2150 68.0
2151 80.0
2152 79.0
2153 86.0
2154 86.0
2155 84.0
2156 83.0
2157 81.0
2158 67.0
2159 70.0
2160 70.0
2161 53.0
2162 56.0
2163 57.0
2164 62.0
2165 70.0
2166 76.0
2167 82.0
2168 89.0
2169 90.0
2170 84.0
2171 82.0
2172 84.0
2173 75.0
2174 87.0
2175 89.0
2176 88.0
2177 88.0
2178 87.0
2179 88.0
2180 82.0
2181 88.0
2182 77.0
2183 76.0
2184 67.0
2185 83.0
2186 82.0
2187 72.0
2188 72.0
2189 79.0
2190 87.0
2191 76.0
2192 63.0
2193 56.0
2194 75.0
2195 73.0
2196 58.0
2197 58.0
2198 62.0
2199 69.0
2200 67.0
2201 65.0
2202 80.0
2203 73.0
2204 85.0
2205 74.0
2206 81.0
2207 83.0
2208 80.0
2209 87.0
2210 88.0
2211 90.0
2212 84.0
2213 87.0
2214 87.0
2215 84.0
2216 83.0
2217 80.0
2218 86.0
2219 81.0
2220 79.0
2221 69.0
2222 58.0
2223 81.0
2224 67.0
2225 80.0
2226 76.0
2227 79.0
2228 70.0
2229 64.0
2230 80.0
2231 77.0
2232 80.0
2233 76.0
2234 74.0
2235 78.0
2236 86.0
2237 82.0
2238 77.0
2239 69.0
2240 73.0
2241 69.0
2242 67.0
2243 67.0
2244 84.0
2245 84.0
2246 83.0
2247 89.0
2248 87.0
2249 87.0
2250 91.0
2251 90.0
2252 92.0
2253 93.0
2254 90.0
2255 91.0
2256 93.0
2257 91.0
2258 86.0
2259 87.0
2260 83.0
2261 84.0
2262 84.0
2263 83.0
2264 72.0
2265 82.0
2266 80.0
2267 84.0
2268 79.0
2269 75.0
2270 85.0
2271 84.0
2272 80.0
2273 80.0
2274 87.0
2275 85.0
2276 83.0
2277 91.0
2278 83.0
2279 89.0
2280 86.0
2281 88.0
2282 89.0
2283 87.0
2284 88.0
2285 85.0
2286 94.0
2287 91.0
2288 80.0
2289 73.0
2290 81.0
2291 80.0
2292 83.0
2293 85.0
2294 75.0
2295 75.0
2296 81.0
2297 84.0
2298 86.0
2299 84.0
2300 87.0
2301 89.0
2302 92.0
2303 92.0
2304 94.0
2305 88.0
2306 95.0
2307 83.0
2308 83.0
2309 91.0
2310 86.0
2311 86.0
2312 84.0
2313 91.0
2314 89.0
2315 88.0
2316 76.0
2317 91.0
2318 87.0
2319 83.0
2320 88.0
2321 88.0
2322 93.0
2323 93.0
2324 94.0
2325 94.0
2326 93.0
2327 98.0
2328 95.0
2329 91.0
2330 96.0
2331 96.0
2332 96.0
2333 93.0
2334 96.0
2335 96.0
2336 97.0
2337 92.0
2338 94.0
2339 88.0
2340 90.0
2341 95.0
2342 90.0
2343 90.0
2344 89.0
2345 75.0
2346 72.0
2347 86.0
2348 88.0
2349 81.0
2350 73.0
2351 76.0
2352 81.0
2353 86.0
2354 87.0
2355 88.0
2356 87.0
2357 93.0
2358 88.0
2359 85.0
2360 88.0
2361 95.0
2362 88.0
2363 82.0
2364 96.0
2365 90.0
2366 85.0
2367 87.0
2368 90.0
2369 88.0
2370 90.0
2371 87.0
2372 92.0
2373 91.0
2374 93.0
2375 90.0
2376 93.0
2377 89.0
2378 95.0
2379 95.0
2380 91.0
2381 92.0
2382 91.0
2383 93.0
2384 92.0
2385 89.0
2386 98.0
2387 89.0
2388 87.0
2389 93.0
2390 94.0
2391 94.0
2392 95.0
2393 94.0
2394 94.0
2395 96.0
2396 97.0
2397 93.0
2398 91.0
2399 93.0
2400 94.0
2401 94.0
2402 90.0
2403 87.0
2404 88.0
2405 95.0
2406 92.0
2407 96.0
2408 90.0
2409 87.0
2410 81.0
2411 89.0
2412 87.0
2413 89.0
2414 95.0
2415 92.0
2416 89.0
2417 92.0
2418 94.0
2419 97.0
2420 92.0
2421 84.0
2422 86.0
2423 90.0
2424 79.0
2425 84.0
2426 84.0
2427 86.0
2428 87.0
2429 88.0
2430 90.0
2431 95.0
2432 96.0
2433 95.0
2434 94.0
2435 89.0
2436 86.0
2437 91.0
2438 96.0
2439 93.0
2440 96.0
2441 99.0
2442 94.0
2443 91.0
2444 90.0
2445 92.0
2446 97.0
2447 97.0
2448 95.0
2449 99.0
2450 96.0
2451 92.0
2452 95.0
2453 97.0
2454 96.0
2455 94.0
2456 90.0
2457 98.0
2458 98.0
2459 91.0
2460 97.0
2461 92.0
2462 96.0
2463 94.0
2464 90.0
2465 92.0
2466 93.0
2467 95.0
2468 91.0
2469 92.0
2470 84.0
2471 95.0
2472 91.0
2473 91.0
2474 91.0
2475 94.0
2476 91.0
2477 96.0
2478 96.0
2479 90.0
2480 95.0
2481 97.0
2482 94.0
2483 93.0
2484 93.0
2485 98.0
2486 97.0
2487 92.0
2488 96.0
2489 96.0
2490 97.0
2491 98.0
2492 97.0
2493 99.0
2494 95.0
2495 95.0
2496 95.0
2497 97.0
2498 100.0
2499 97.0
2500 97.0
