0.46809228745451437 0.7670667048342107 
0.8121482373049345 0.3933179700173709 
0.8848541632394265 0.24510856697578398 
0.6455944228808397 0.6185910426878172 
0.31555067394591696 0.8530385491293581 
0.5599898403149138 0.6980231611702756 
0.9426661881218438 0.09164585029225503 
0.33003606281444164 0.8458527362985105 
0.5924593808290687 0.6698753030355035 
0.7483531570504747 0.4943063902602003 
0.890642215584739 0.23125870064162168 
0.8265336857587493 0.36752712597461556 
0.859853598793335 0.3013432457019738 
0.5491963291748875 0.7073557475909464 
0.6557337314106876 0.608154021733057 
0.9123304594533259 0.17607327472804934 
0.4912217357757319 0.7505853391429901 
0.9072705945524943 0.18976322121697287 
0.740461984844157 0.5053835185610924 
0.7649077324820661 0.47050374567237785 
0.6746158763740348 0.5870660689073752 
0.30087866626895376 0.8598240971702673 
0.7892037944144807 0.4324366722346398 
0.7735851027375522 0.45815485215584106 
0.8962459655477275 0.21740801045978408 
0.7012510404854031 0.5562741341345118 
0.8662228174165583 0.2874860290020669 
0.8337867349218758 0.3548420109714028 
0.8725054688683966 0.2733594095055125 
0.6655033309424607 0.5980703887522346 
0.8533895267824119 0.3150119897724346 
0.922611095493498 0.14836890127076052 
0.4091057879758374 0.8030857214855724 
0.371582180290168 0.8243296151419147 
0.5820698136758841 0.6793195322045711 
0.8403050121119409 0.34176095510022575 
0.878846935392058 0.2594701895585605 
0.9525863099758465 0.06295055269120975 
0.6355474177645553 0.6288942283227789 
0.917611574088006 0.16231551749962736 
0.7971311488451158 0.4195766023989086 
0.9476297703063772 0.07730869325263645 
0.03530004830241951 0.9623004729789696 
0.45614017164102094 0.7746757376243568 
0.3582832859346047 0.8313547336869191 
0.9732363273874992 0.009506442170645446 
0.9326225395666923 0.1203093294951939 
0.7328988367728166 0.5160159426611597 
0.28697239619677506 0.8663012855159372 
0.9623582954707136 0.035250257483328995 
0.6929754425776451 0.5665896180661195 
0.9675437433178583 0.02219493927467886 
0.7813030007545952 0.44538143821736487 
0.7094546082323994 0.5457813677343064 
0.38483919825816093 0.8173518592606532 
0.6038827643787406 0.6600605496166034 
0.44489084323898853 0.7821756390553397 
0.5141932801036697 0.7340062356707856 
0.9019431103119143 0.20356890934724836 
0.22863947972902965 0.8916771318766388 
0.9574594049439845 0.04885464640580073 
0.8048577000564865 0.40661547736894454 
0.3973163614348829 0.8101548898246976 
0.717160521509451 0.5361710766443142 
0.9376304341862038 0.10578220316630804 
0.8196013694914275 0.3807659268256154 
0.2726584800619356 0.873065419359961 
0.47945787003989504 0.7585159243289147 
0.6148565788521914 0.6494915923682034 
0.7566376512874795 0.4826804322227497 
0.19947485862992997 0.9034057198278972 
0.2576970251604762 0.8794439663708827 
0.6840479389532068 0.5762876587493093 
0.42127079124473343 0.796391133238003 
0.06412944093110962 0.9520690018045168 
0.5712093213550267 0.6887411159696508 
0.04994023594829278 0.9571974774234316 
0.2144044620999601 0.8978779368051856 
0.13913568298975754 0.9258602749307836 
0.5257752523487711 0.7251208379645837 
5.240206645273915E-7 0.9816368721678 
0.4331825007517375 0.7889446644146084 
0.5377576849535959 0.7160462235248846 
0.5027581985159125 0.7426130887140681 
0.9817212329334671 6.747530806205937E-6 
0.021855638121332066 0.9676123700296996 
0.10963709261322385 0.9365931502534571 
0.12430989126597314 0.9311981857526536 
0.009485962152728344 0.973214186803973 
0.724854361988032 0.5262278351763325 
0.1682347806836737 0.9152764242977343 
0.15339913147890083 0.9208107137991571 
0.6257650556262027 0.6386689272322139 
0.9276579981674723 0.13439989923347206 
0.3450759390913758 0.8392546103776035 
0.0791240531107179 0.9468964719588093 
0.24333683855726096 0.8856907924494851 
0.8468420418089518 0.32798622258434895 
0.09431919923215415 0.941744827863266 
0.1836169829785882 0.9094421424002074 
