0.2875107832910038 0.21329953610404656 
0.3998863947940845 0.10091114663086166 
0.24012520058491654 0.2606864822413684 
0.2960657788039729 0.20473376742698338 
0.4135806952180016 0.08716761323746554 
0.19735122569806057 0.3034889615948337 
0.44735596046509124 0.05344640719246848 
0.031816124913481826 0.46897266278794053 
0.04843932936715192 0.452358847032356 
0.178260658972805 0.3225728879389554 
0.1504769872760212 0.3503008646581316 
0.3501960899452411 0.15061889782514004 
0.48437113095489387 0.016405039082414946 
0.11836180982522479 0.38243522255109585 
0.27282919713938236 0.2279931406084255 
0.48104657460212036 0.019783523450752686 
0.16315921228479377 0.3376594926855574 
0.43017625398633985 0.07060418713898556 
0.2620241577736356 0.23875167117833546 
0.42029560682151634 0.0804707625573743 
0.08777125871343941 0.41305007729696425 
0.10204570178066448 0.3987763885852506 
0.2771754305108092 0.22358503517858863 
0.12817264925884445 0.37262838804577636 
0.1720941741785623 0.3291507688642707 
0.4355000557983444 0.06530312365335836 
0.11290018379850908 0.38792573753468274 
0.3729238073930066 0.1279149211343348 
0.48752332705004797 0.013297819258501513 
0.2581858119844766 0.24259619915683267 
0.04486729534604726 0.45593029424667975 
0.03676435902162508 0.46404494797796897 
0.28247019384735883 0.21835651668262981 
0.027119733148457482 0.47373436040040573 
0.4586781084281633 0.04207741297332207 
0.10746789455025521 0.3933689971583003 
0.493906339846554 0.0068729177918185015 
0.4700886451444923 0.03066685995021495 
1.732100537204609E-11 0.5008478867003154 
0.18362128535352376 0.3171882172657685 
0.07884254379486356 0.42201100200246666 
0.3593124352181232 0.141467211895901 
0.38032482485036384 0.12042270820979976 
0.3220830040445154 0.1787432983906708 
0.20717385861108092 0.29366192892205684 
0.22352265467037358 0.2776307342405392 
0.5007762085325211 1.7235171583822037E-13 
0.188101784339617 0.31270960807728254 
0.01740869998508877 0.48338501437807874 
0.04138347947276037 0.45939130048849414 
0.34373525361950147 0.15704311998367046 
0.08313172253396303 0.4177121886408008 
0.2122588873247954 0.28852317872325967 
0.4737183272726674 0.027138858172712443 
0.44141985780795856 0.05937333884830942 
0.012241280065565035 0.4885525097894375 
0.3553163712976851 0.14549615725266837 
0.24513048572951443 0.25582207393452144 
0.29140516186331106 0.2094233235205414 
0.40866266117050865 0.09212665508740116 
0.30548326234886863 0.19529613275123475 
0.21753053627090463 0.2833118158647836 
0.26670421345073575 0.2340428772654442 
0.060805409601651456 0.43998609520631066 
0.4531948417362688 0.047615358563203765 
0.3111207728275711 0.1896693240694476 
0.4770842910087798 0.023767816439554952 
0.33847224540300613 0.16238748311017448 
0.07011363985083063 0.4307119315731929 
0.19341696906092898 0.30742790715845675 
0.36556762393814185 0.13524550038910613 
0.2026122142633244 0.29854077016509645 
0.4244038258449475 0.07644025758189557 
0.3864304036643234 0.11432777623191966 
0.39413516657369657 0.10668813753985425 
0.09268945444931177 0.40811037924916094 
0.46444505918622403 0.036372119097305776 
0.2347808606851357 0.2660609464596556 
0.054568753116360044 0.44624156818991706 
0.25415116692242884 0.24614740076037053 
0.30141793374859527 0.19934603339859291 
0.006570264956091903 0.4942837632533042 
0.3330814496286714 0.16772458062444842 
0.16819924285100304 0.33262351150475294 
0.3165644586794241 0.18424960848731928 
0.13815982322575962 0.3626734947490425 
0.22923927182263568 0.27152585717321426 
0.14351369103887304 0.35735908518761733 
0.39054130212571203 0.11025900623906691 
0.02245037737541384 0.47837431651967127 
0.09705597956935803 0.40369879967623507 
0.15908222563579996 0.34172955359687895 
0.15472748650162882 0.3460951909651875 
0.2499610465813322 0.2509099818452978 
0.4043528962499062 0.09647118863380422 
0.13266868938210483 0.368136211061569 
0.12327734878358909 0.37757926932792196 
0.06540509529549697 0.43544160698821077 
0.3278677906838749 0.1730071337541797 
0.07439588425764618 0.4264368906258951 
