-70.0 0.0 
-58.8458951643482 -16.816520952810908 
-68.52709540637086 -1.5881679707450318 
-58.380673096366245 -18.03531249400896 
-52.67948391492511 -26.416892783379623 
-58.22800407341139 -18.353116751984302 
-58.92958825966466 -16.51440493961958 
-58.7588549920254 -17.173458705831194 
-68.09589741988668 -3.5746360017590764 
-66.64505676472487 -5.118715787199929 
-64.08000074695902 -9.316320333313993 
-52.212361877758966 -27.794420696166128 
-53.563858525589495 -24.438544809842767 
-59.18535302678416 -15.88379583917718 
-64.59950310376738 -8.043323088884595 
-66.55961853916764 -5.540983727832121 
-61.579009781191516 -12.648646412912472 
-64.78191969024765 -7.817636345439897 
-53.423873585815684 -24.814133874999655 
-67.94273555579974 -3.8757148840123 
-68.19352726413966 -3.179467535429462 
-68.27691411606841 -2.7851263282033827 
-52.43579603723893 -27.103853655722023 
-57.78558400241227 -19.153660851301293 
-61.24823819086358 -13.71952409418013 
-68.35894794873471 -2.380645762925605 
-60.69015586028185 -15.102241971461792 
-67.02822862301721 -3.8826564370721552 
-61.08671362441077 -14.079950546119548 
-53.275262327644505 -25.1754123599685 
-65.89319092476526 -7.750513011583804 
-60.83598439162626 -14.857988958053374 
-52.3341235447765 -27.4758252611608 
-69.08101984057791 -9.660293990939595E-4 
-64.31976447458504 -8.640405794147558 
-52.85009185370864 -26.16440828233967 
-57.974079604234575 -18.963162630391498 
-63.37618634781456 -11.364479091913289 
-56.24569935110274 -20.458445296788625 
-64.22237121681756 -8.969307890386954 
-63.13376046727399 -11.595213505526756 
-63.95704206334988 -9.758325808523379 
-68.711195266284 -0.8693006128152427 
-61.4572539666822 -12.982215550981909 
-52.10722923982879 -28.169959620251124 
-61.378420440530704 -13.389922145498028 
-54.717920497971654 -23.24181351996097 
-53.9447367228991 -23.270900868264768 
-55.46436838713885 -22.489145545211812 
-52.545247346824375 -26.734105546501787 
-60.27733826421843 -15.443072958303956 
-66.37602877546576 -6.387917315121548 
-51.99389341203319 -28.51469028132106 
-55.01748952018434 -23.05264161445915 
-66.85046164590095 -4.229873844540057 
-59.0598439885308 -16.166891227500678 
-59.31946116456193 -15.449735151464854 
-56.483474771453615 -19.771863778247585 
-60.98699109656749 -14.49103846815583 
-61.8717858424648 -11.900393637048564 
-55.6033944323665 -22.129872788507427 
-52.991277848054935 -25.856500638172356 
-56.01186808761421 -21.185289986918768 
-51.856178005926495 -28.859061279119736 
-62.10044708489542 -11.630781516959296 
-63.67527989294608 -10.616351028031819 
-55.888521129310014 -21.499752215049746 
-51.27309078624763 -30.214302369702228 
-63.54764023146964 -10.977662184836472 
-68.44222827079913 -1.9766280000914036 
-53.137134124307316 -25.53242331174893 
-57.52843714400059 -19.326343979769618 
-55.769228299551784 -21.837046059998777 
-51.45049417464311 -29.91853614807531 
-51.72970330800318 -29.220699698510668 
-66.27974649589733 -6.709813635541282 
-64.40018216596714 -8.236128058759856 
-51.10163158261627 -30.54713715182217 
-51.584042454627856 -29.568347023450166 
-66.46260515024981 -6.006386006917273 
-56.13169035973147 -20.823908839940213 
-68.8168137596246 -0.5444122725111145 
-66.07539103232799 -7.49667661343286 
-53.79871141642137 -23.635527873484122 
-68.93687935147977 -0.25219160666729956 
-53.69751853304284 -24.056156111053806 
-58.511024514329 -17.848932637525195 
-61.70812938547625 -12.307805156465314 
-50.501365901997154 -30.982462129593884 
-66.20694598179439 -7.087916100672322 
-50.85707397606048 -30.79873173510935 
-56.611746471377124 -19.40553530574001 
-58.15983271904535 -18.668674943074926 
-60.52382289809027 -15.339294675133434 
-58.5797974953402 -17.436532140353656 
-68.61468287135608 -1.2228439472766082 
-55.2762557900472 -22.80243742267601 
-56.37074033666294 -20.09905333944816 
-63.82329787939203 -10.229924670482292 
-66.75066692918494 -4.636126916188246 
