0.03635649867591908 1.0002737686279717 
6.12732651164341E-17 1.0006683585682816 
1.0008100969333036 0.0 
1.0005909686965708 0.011024512562745213 
0.9958436146916916 0.09853444430209798 
0.059934800792312344 0.9999153864864079 
0.9940195967495868 0.11620521061564604 
0.9678203660639412 0.2523577262232093 
1.0003713690430558 0.03578725447441571 
0.9719475495901696 0.23632468810229215 
0.9631764425208817 0.2690753489115863 
0.2149242289257078 0.9772596359993309 
0.9890476449330153 0.1510965581134417 
0.9759829183715243 0.21975549910825662 
0.09757716567155458 0.997283003285221 
0.9831758732952237 0.1855003066797786 
0.9861406805393237 0.16836347940330884 
0.3140553859380997 0.9496058268443021 
0.07824736900261775 0.9992306878030979 
0.9795869930968257 0.20279681085449153 
0.9996284809652849 0.06019494540183497 
0.14772008531121456 0.9906459578218535 
0.1644616527493191 0.9875335621775844 
0.1142686671244894 0.9954853779931291 
0.18124487035377324 0.9845749781558756 
0.1303567380569206 0.9931446334988377 
0.2818699610482052 0.95988272876748 
0.9918867157505957 0.13421785527869481 
0.3745981003604591 0.9274181277380887 
0.1971494840130622 0.9811613800157423 
0.998027250398664 0.07684943363579064 
0.2650404751001925 0.9645382113579792 
0.9481948075723508 0.3181006010234014 
0.24891199425181684 0.9691904727988069 
0.3294717639080902 0.9444464356362405 
0.9534771397846313 0.3018585978117427 
0.925378433825078 0.3793733528062634 
0.4030722459069174 0.9153500999652321 
0.9313678735197833 0.36452456689993745 
0.9586269594599875 0.285754813744189 
0.9371633649337829 0.3492872322925367 
0.2323197825089034 0.9733604009221134 
0.9064135503666394 0.4225979293903899 
0.29756988733888984 0.9550030095630749 
0.35956904250320937 0.9332947031533636 
0.41681974972296876 0.9091787676134684 
0.5304393890389237 0.8478202997532903 
0.38902075862830093 0.92142201228595 
0.4691557770715764 0.883233061523192 
0.9427249489624101 0.3338936730001424 
0.8790106630878541 0.4769866730110083 
0.9192375841079332 0.3940453475439091 
0.43013949210438324 0.9028869745827575 
0.9128919177495673 0.4083471400620166 
0.4941090278572535 0.8694909092601247 
0.5063625902572193 0.8624001312430736 
0.34472591593130303 0.9389981682884557 
0.44323740841103576 0.8964971195369952 
0.48170144763780426 0.8764206454920463 
0.8997730231391898 0.4366118290003006 
0.5422390095328716 0.840322427308934 
0.8860965003693868 0.4637578435751562 
0.5880863957046601 0.8088633077189412 
0.8929918285203967 0.4502037467873592 
0.8718550989516641 0.4899000232121312 
0.8496646848654008 0.527431060873228 
0.8646269597808666 0.502567915154856 
0.5184402813973819 0.8551883368231832 
0.45633386745494087 0.8899961246665586 
0.8420065578418514 0.5395617046900932 
0.5654210197196718 0.8248682318397211 
0.5768359027307383 0.8169541580702165 
0.8262780379367306 0.5633471530379176 
0.8572207853282637 0.5150491026368834 
0.5539170903515888 0.8326752601973821 
0.6316382727870264 0.7753080470545742 
0.5991884299884312 0.8006777114843768 
0.6209609863679312 0.7838999812743996 
0.8100465368804959 0.5864323487615373 
0.818202198193308 0.5750105261903525 
0.6421834843914461 0.766601430294788 
0.6628500774485874 0.7488145878073559 
0.834213011561379 0.5515467508750774 
0.6829811579985341 0.7304997909938047 
0.6525921046346802 0.7577876432048912 
0.7848123191289459 0.6198203341073912 
0.8017700027679939 0.597718889295333 
0.7933612457899074 0.6088276785457442 
0.692860279344777 0.7211488654132714 
0.767401154125223 0.6412484304183163 
0.6101538005142582 0.7923626527943551 
0.7585200678789145 0.6517252243338213 
0.7495063974556607 0.6620708656074251 
0.6729844392703789 0.7397238014013465 
0.7403895666281978 0.6722535645765678 
0.7761747846444755 0.6306021322351301 
0.7122537649327986 0.7019975983381846 
0.7026297502495952 0.7116321647761379 
0.72176245607231 0.6922136034710443 
0.7311509725206577 0.6822986649810519 
