-1.1466851085759497 -1.1541171269448571 -1.1397948573741121 -1.1472170209118375 -1.1426792908162207 -1.1550396170382768 -1.1507370737491975 -1.1381304739327893 
0.0061296511988088165 -0.0014421074011940135 -7.28374572200904E-4 8.796295165230995E-4 -0.0030094198713314243 0.004748702524376511 3.4800564296726946E-5 -0.0019050105471231284 
-1.1466851085759497 -1.1541171269448571 -1.1397948573741121 -1.1472170209118375 -1.1426792908162207 -1.1550396170382768 -1.1507370737491975 -1.1381304739327893 
-1.0550119309914476 -0.8859666118921724 -3.83861554659562E-4 0.004764482795221325 -0.0037799344728964884 -0.9204173547807885 -1.0051500764483057 -1.150105278267677 
-1.1264109371985882 -1.0880477389212928 -2.5649842317162683E-4 0.004583865525280752 -6.42821918652503E-4 -0.004521627984114596 -0.5606706142108949 -1.1117643047515398 
-1.117697756701591 -1.0067016946292953 -0.8090419092757939 -0.001064353629386884 0.007508855358258279 -1.0208111331481713 -1.0257761002804233 -1.1275097811593784 
-1.1479722209219214 -1.1525129965231238 -6.41482399824523E-6 0.004580110432481832 -0.0030948369823343416 -1.1789552862746686 -1.1532936527605433 -1.1488170443713095 
-1.1488929681740134 8.778516765055414E-5 1.3477823188786904E-6 0.004069960734758436 -0.0032585095760795262 -5.833184257896382E-4 1.8953743990312612E-4 -1.1534917101496156 
-1.1544903680448735 1.0255082175188064E-4 -3.597031079305057E-4 0.004641487851064094 -0.0032544141095776358 4.6441317291079896E-5 -1.1347211168901559 -1.1501060558132625 
-1.1466615859318081 -1.1540283688687072 -1.1389830999332466 7.992211134256744E-4 0.00522573319839493 -1.1556618875746196 -1.1507440080175717 -1.137880111433682 
-1.1271162097774252 4.671771950834642E-4 -3.401587622955015E-4 0.0045817423284200106 -0.0032596542740272244 0.0029725803401649533 -0.7063408192531553 -1.1117643047515398 
-1.1271162097774252 4.8768122757777727E-4 -3.4029671303167144E-4 0.0045817423284200106 -0.0034004976751585573 0.003025141458644939 -0.5322755392474221 -1.1117643047515398 
-0.4815034171404777 0.0022565935645866126 -7.914516449411741E-5 0.004113606783610606 -0.0013606192653004834 0.004915469926693797 8.585899747166133E-4 -0.0019119729587814271 
-1.1491547926957122 -1.1513575459110243 -7.5726518522247735E-6 0.004634950917298098 -0.0013324560823059536 -6.015449303802562E-4 -1.1521665780495207 -1.1475382031194343 
-0.9238770949647243 4.405820035420624E-4 -3.952230660878637E-4 0.004060573022168928 -0.0035303745397345203 -7.043723389963345E-4 6.331882125531928E-4 -1.1197903460711323 
-0.8036626461442147 -0.0015911636558370095 -7.315001921058012E-4 0.0010089757792404298 0.0022289174359766805 5.468802644470065E-5 6.321510182690968E-4 -0.0019119722544170524 
-1.144574422902209 -1.1110741573865304 -1.0384890686785249 -1.0697262600582618 -1.1437858220145463 -1.0597420823826416 -1.0149769969922586 -1.1088994362328513 
-1.1271162097774252 4.8768122757777727E-4 -3.407188741438725E-4 0.0025242676384973958 -0.0034004976751585573 -9.487867515416545E-4 -0.5513421177576125 -1.1117643047515398 
-1.1171860508313671 -1.0922854819304522 -1.1157013023504216 -1.0910351676888217 -1.1276265171016644 -1.0574351454504285 -1.0244963943109258 -1.1275097811593784 
-1.1435568438338821 -0.0015911636558370095 -7.28374572200904E-4 8.786345987162135E-4 0.002191639663838126 6.420956307196923E-5 4.536865202707745E-5 -0.0019050105471231284 
-0.5038710896535306 3.1650722782498603E-4 -3.6547649303201755E-5 -0.0029033878670580316 -0.003173853975369374 2.6496575283231112E-5 6.299707855228535E-4 -1.1159463647358263 
-1.0997674961806683 -1.0796619297166208 -1.0408977205634544 -1.042845355313554 -0.803820474125841 0.009704525204812232 -1.0149746428272768 -1.1361181236408773 
-1.1386880924825955 -1.1142827417855323 -1.0459971221532606E-4 -0.0010348751102390954 -0.002823386472429889 0.0010043380911445299 -0.7590151590125241 -1.1318364992244339 
-1.07572705504263 0.002278422086983924 -1.2229577356356777E-4 0.004692003413611091 -0.0030301173768993972 -7.891520316340235E-4 7.634605991832522E-4 -1.0529817739058573 
-1.1386727327089041 -1.149880245015953 -5.635470184206445E-4 -0.0010348751102390954 -0.005901582577213569 -1.1174674443507846 -1.0717161306928562 -1.1319478334161193 
-1.0788369485944285 -0.9270640422096748 -0.9700946541116893 0.004755914841749436 -0.003583636073068232 -7.769296314456553E-4 -0.9779354816824685 -1.1277511706766006 
-1.07572705504263 9.103460750770173E-5 -1.0203096711580532E-4 0.004762003524496889 -0.003583636073068232 -7.769296314456553E-4 -0.9769271458511772 -1.0584511542583046 
-1.1159585806672476 -1.085437695763414 -1.0380197092343117 -1.145937709352623 -1.1426584985720538 -1.086282411632904 -1.151691814491718 -1.130304974078389 
-1.1336343511972418 8.778516765055414E-5 -5.636504892057636E-4 0.004069870128717319 -0.0032585095760795262 -9.352101228244552E-5 1.8953743990312612E-4 -0.6427540677282582 
-1.1466851085759497 -1.1541171269448571 -1.1397948573741121 -1.1472170209118375 -1.1158914591364542 -1.1581942027539143 -1.1507370737491975 -1.0500930037951774 
-0.9823502234321737 -0.004823015152643205 -2.474276968616993E-4 0.004572104074459807 -0.0036275551503715804 6.624815427189711E-4 0.0026751003016832753 0.002091104965019741 
-1.118594956613771 1.0255082175188064E-4 -3.597031079305057E-4 0.004641487851064094 -0.002966329280568801 -0.9185021660373172 -1.134621471099175 -1.1501060558132625 
-1.117697756701591 -1.0067016946292953 -0.8846427166259097 -0.001064353629386884 0.007508855358258279 -1.0208111331481713 -1.0257761002804233 -1.1275097811593784 
-1.132758331728782 -0.9900159059963575 -0.0013870333683393306 0.004794787704405153 -0.00360021299691643 -1.0352020042305643 -1.0144940509495988 -1.1432202916697318 
-1.1390708671984535 -1.0067804190979608 -1.0415496132541402 0.0023174972744760794 -0.003881438106699697 -1.0208111331481713 -1.0621871542595391 -1.1154084614726683 
-1.1491547926957122 -1.1513606162677 -1.1080321599584275 0.004072486187737137 -0.001325762591599137 -1.08533577823491 -1.1521665780495207 -1.1475382031194343 
-1.1265583081592616 -1.0103742213997178 -1.0415643743722882 -1.0342212885036504 -1.0303930937733954 -0.8626455874545272 -1.0980382442655936 -1.1477778847827371 
-1.0762682060385573 -1.1128209780645844 -0.9016613721842692 -1.0290228054016075 -1.0707027587137679 -1.0197854596876197 -1.0256851468006607 -1.1275135738962527 
-1.1011946910698018 -1.0036982824028715 -1.0408977205634544 -1.0107300150734038 -0.9407189158982094 0.009650071738783262 -1.0149769969922586 -1.1369334912144133 
-1.1304797781145246 -0.9494294120361569 -3.952230660878637E-4 0.0024996244325263817 -0.003044234086044704 -7.106968158573975E-4 -1.017187422728424 -1.1304663477501404 
-1.054980635493328 -0.9542939374911672 1.5338672409452795E-4 0.0046174343256165625 0.0044369135603148195 6.562682638390895E-4 -0.8169453191166578 -1.14832716582814 
-1.1491547926957122 -1.1513606162677 -1.1065515845899843 -1.0547872551859654 -0.001325762591599137 -1.06816023999625 -1.0425648150525169 -1.1362935397318894 
-1.0436255006117032 1.2326785503518668E-4 -7.349223205017972E-4 0.0040737263235894345 -0.0030282383652758507 -3.296123393660864E-4 1.6680896864477665E-4 -0.0019050105471231284 
-1.1386727327089041 0.0026611809156235067 -5.635470184206445E-4 0.0011133893263468773 0.005465808893611817 -1.1500307826440221 -1.0728862092194917 -1.1303624372213 
-1.05348540104877 -0.0015911636558370095 -7.28374572200904E-4 8.796295165230995E-4 -0.003052248848333896 0.004748702524376511 4.527950881356437E-5 -0.7991844829543016 
-1.1310142444868634 -0.9162556868997518 1.589776354903451E-4 0.004761829438438562 -0.003036321736356575 7.46162107748416E-4 -0.8749144670810496 -1.1310840870753196 
-1.118594956613771 1.0255082175188064E-4 -3.597031079305057E-4 0.004641487851064094 -0.002966329280568801 -1.029756733778544 -1.134621471099175 -1.1501060558132625 
-1.051130616709804 4.405820035420624E-4 -3.952230660878637E-4 0.0024996244325263817 -0.0035303745397345203 -7.043723389963345E-4 -1.017187422728424 -1.1304663477501404 
-0.020095327173864072 1.1560187046200005E-4 -7.349223205017972E-4 0.004054202303405438 -0.0014443184968662855 -8.3224265564369E-4 6.337026098098026E-4 -0.6273525916311331 
-1.0760844031145504 8.778516765055414E-5 -5.452848495247433E-4 0.004059482914054293 -0.0032692799228789485 -1.0899534766400579E-4 1.9992389315657584E-4 -0.6427540677282582 
-1.1393916663468244 0.02229833565733541 -1.0091239805289464E-4 0.0043907350916025335 -0.0027249836416214585 0.0020970710183317795 -0.7477746461158555 -1.138799145180543 
-1.1014092267980375 -1.0781904334023755 -1.0408977205634544 -0.021600829954290357 -1.0213733911353415 -1.025000557029355 -1.0149769969922586 -1.1384794108772414 
-1.1432787817097483 -1.1113435385734514 -1.1397948573741121 -1.1111770089123354 -1.1426792908162207 -1.0447038768455315 -1.1507370737491975 -1.108206053641907 
-0.8541691285597266 0.007969875145273586 -7.431438760882035E-4 0.0010100010447628071 -0.0038572781575930883 0.012518284830943919 4.536865202707745E-5 -1.0909024122282611 
-1.1389459467268168 -1.0374287712522952 0.010483568922476927 0.004959679496722524 -1.0399026621529417 -1.0211320585110872 -1.0637282267214023 -1.157752201667961 
-1.026727524988016 8.979989522566912E-5 -1.1025644079341727E-4 0.004692003413611091 -0.0030303470165623713 0.002945393418555836 -0.8827243942458907 -1.0635868225189504 
-0.020095327173864072 1.1560187046200005E-4 -7.349223205017972E-4 0.004048493539864459 -0.0014295138926423612 -8.3224265564369E-4 6.27025600562076E-4 -0.6873206030547261 
-1.0997130405513578 -1.0001754507229335 -1.0408977205634544 -1.0697262600582618 -0.9407189158982094 0.009650071738783262 -1.0149769969922586 -1.136239123868754 
-0.8541691285597266 -0.0015911636558370095 -7.283497364942704E-4 0.0010100010447628071 0.002191639663838126 6.420956307196923E-5 4.536865202707745E-5 -0.0019118091332970075 
-1.10633618480925 -0.8789531466754025 -9.410987259091564E-5 0.0072662509535325595 0.005465808893611817 -1.0157006907058006 -1.0376429369181088 -1.1212519998396755 
-0.9238770949647243 4.405820035420624E-4 -3.952230660878637E-4 0.0040603841025687055 -0.0030167854374040667 -0.0010292588516647816 6.335043198540621E-4 0.001881533979266825 
-1.10633618480925 0.021528440432962703 -9.410987259091564E-5 0.0072662509535325595 0.005465808893611817 -0.0017216963123872775 -1.0161172431980066 -1.1212519998396755 
-0.5510027952102461 0.0022955592453574648 -7.914516449411741E-5 0.004029130675232652 -0.0034801438095859415 0.004915469926693797 8.97237107673061E-4 0.008014448698588139 
-1.10633618480925 0.021528440432962703 -9.410987259091564E-5 0.0072662509535325595 0.005465808893611817 -0.0017216963123872775 -0.8783731187767168 -1.1212519998396755 
-1.1391887993612038 -1.0804741359904093 -1.1857479247595647E-4 0.0011133893263468773 -0.0031972350953578125 -1.1174674443507846 -1.07333805669036 -1.1303624372213 
-1.0552169621299976 0.003824482622265035 -1.6608826296562616E-4 0.004764467310127029 -0.0035422321422911122 -7.777482242189932E-4 -0.8866215410875985 -1.1126641614298405 
-1.1176198768858945 -1.0704470405306656 -4.8029539166052605E-4 0.004445981132214677 -0.002507224114233958 -1.0713664250102604 -1.0761297767833615 -1.139645964298102 
-1.0997130405513578 -1.0781904334023755 -1.0408977205634544 -1.0697262600582618 -1.0619002019081922 0.009650071738783262 -1.0149769969922586 -1.136116244552237 
-1.099414562835747 -1.0796619297166208 -0.9200852800695929 -0.02107564706848908 0.007708173202242152 0.009704525204812232 -1.0145563707648988 -1.1361181236408773 
-1.0762903540045434 -0.0016678790935441556 -4.822629115715173E-4 0.004641253521118251 -0.00326126040038569 -7.769296314456553E-4 -0.0020544104475910263 -0.7980692978375399 
-1.0550119309914476 0.004711105192942211 -3.863635964781802E-4 0.004764482795221325 -0.0037799344728964884 -0.9310665079223277 -1.0076156503680955 -1.150105278267677 
-1.0550119309914476 -0.8859666118921724 0.010972549474299265 0.004764482795221325 -0.0037799344728964884 -1.0756317395619135 -1.0542630581377226 -1.150105278267677 
-1.0984173993588973 -1.0784598145892965 -1.142203509259042 -1.1111770089123354 -1.0607936707098669 0.02468827727589329 -1.1507370737491975 -1.1354228619612927 
-0.8541691285597266 6.194390255424191E-5 1.1542649215763416E-5 0.004077854553975141 0.002191639663838126 6.420956307196923E-5 1.859101704197005E-4 -1.1653304469948755 
-1.1390708671984535 -1.0067804190979608 -0.876938044209549 0.0023174972744760794 -0.003881438106699697 -1.0208111331481713 -1.062465162760639 -1.1158478077013594 
-1.1014092267980375 -1.0781904334023755 -1.0408977205634544 -1.0697262600582618 -1.0213733911353415 -1.025000557029355 -1.0149769969922586 -1.1384794108772414 
-1.1472079899145862 -1.0917936248653362 -1.1163611432368261 -0.0011056276392528725 -8.778914564529852E-4 -1.0657844472993054 -1.0257761002804233 -1.1275097811593784 
-1.1476711557914805 -1.0945380602225656 -6.261123410227854E-5 0.004629686192233568 -0.0013548045222976602 0.011107974481217142 -1.002605845469198 -1.0809938974427877 
-1.0997130405513578 -1.080290753976418 -1.0408977205634544 -1.0697262600582618 -0.9407189158982094 0.009650071738783262 -1.0149769969922586 -1.136239123868754 
-1.1170497968952071 -1.1109848686752375 -1.0435666470881477 -1.0354938575488306 -1.0688102335718377 -1.0410353344827306 -1.0264029916958606 -1.1084221888805246 
-1.1655104014091917 -1.0036982824028715 -1.0408977205634544 -1.0164812093883056 0.007807788529560933 -1.114096704159471 -1.0363444952617265 -1.1369334912144133 
-1.1264112959553707 -1.085437695763414 -0.021443705903389065 -1.0352001008176575 -1.0263032063820563 -1.049196035997281 -1.152501765877372 -1.1385225200078046 
-1.1077927638720888 -1.150178571900042 -9.502706980124944E-5 0.0072662509535325595 0.0058646331829932796 -1.0157006907058006 -1.0376429369181088 -1.1212519998396755 
-1.1389459467268168 -1.1275513029212767 0.010483568922476927 0.0047745181391259045 -1.0726841870809107 -1.1458998032853693 -1.0637282267214023 -1.157752201667961 
-1.1390521901265291 -1.037494852672254 -1.0329438167590468 -1.0418833433671748 -1.0573033405720558 -1.0410353344827306 -0.9676957380044214 -1.1097795528122936 
-0.893449282282592 4.405820035420624E-4 -3.952230660878637E-4 0.0040603841025687055 -0.0030167854374040667 -0.0010292588516647816 6.335043198540621E-4 0.001881533979266825 
-1.0997130405513578 -1.0924123537808696 -1.0408977205634544 -1.029430864280441 -0.9407189158982094 0.009650071738783262 -1.0149769969922586 -1.136239123868754 
-1.1466807637933998 -1.0945380602225656 -6.261123410227854E-5 0.004629686192233568 -0.0013548045222976602 0.011107974481217142 -1.002605845469198 -1.1418922141833743 
-1.1390708671984535 -1.0067804190979608 0.03593005428130752 0.0023066823584600516 0.0022588029162271847 -1.0208111331481713 -1.062465162760639 -1.1510957469405034 
-1.1332770031253214 0.002278422086983924 -1.1579148136928645E-4 0.004692003413611091 -0.0030301173768993972 -7.769296314456553E-4 7.530741459298024E-4 -1.0533697296182158 
-1.117697756701591 -1.0066489171364739 -1.0433458627541943 -0.001064353629386884 -0.005987210738393478 -1.0112571824261152 -1.0257761002804233 -1.073156074421092 
-1.1255145994471638 -1.1091130658088049 -1.0408977205634544 -1.0107300150734038 -0.9407189158982094 -0.9153499289339948 -1.0149769969922586 -1.1073825575199419 
-1.1170497968952071 -1.1109848686752375 -1.0435666470881477 -1.0354938575488306 -1.0688102335718377 -1.0410353344827306 -1.0264029916958606 -1.1084221888805246 
-0.5038710896535306 3.1650722782498603E-4 -3.6547649303201755E-5 -0.0029033878670580316 -0.003173853975369374 2.6496575283231112E-5 6.299707855228535E-4 -1.1162728071269277 
-1.1388085882515933 -0.0018246581362780546 -2.5649842317162683E-4 -0.003929318407348368 -0.0033994920863162754 0.0029697409179863174 -1.0622769678772117 -1.1158408961795878 
-1.1305980655877257 -0.0031382344713423715 -3.895658311301327E-4 0.0045842858115612015 -0.0032482635386812844 -0.9204173547807885 -1.0051500764483057 -1.111804095177491 
-1.0996664966272893 -1.079170072651505 -1.0415575614498591 -1.042845355313554 -0.8081602429801007 -0.009793622005786706 -1.0149746428272768 -1.1361181236408773 
-1.1464063047914368 -0.9262211500361801 -0.9700946541116893 0.004632491917969395 -0.0013540478981889784 -7.769296314456553E-4 -0.9779354816824685 -1.1277511706766006 
-1.117697756701591 -1.0066489171364739 -1.0433458627541943 -0.001064353629386884 -0.005987210738393478 -1.0112571824261152 -1.0257761002804233 -1.073156074421092 
-1.1020913875780085 -1.085437695763414 -0.021443705903389065 -1.0352001008176575 -1.0263032063820563 -1.0550443035306547 -1.152501765877372 -1.1379878236495287 
