0.0 0.5000986109680908 0.49993663154516665 0.49995589456557704 0.5000157625684772 0.49996103041896894 
1.0 0.5001167737545631 0.4999363783061702 0.4999499979211323 0.5000143762825777 0.49996664390023393 
0.1777253521626314 0.5000339756895908 0.49993511107649924 0.49994733811132747 0.5000067246620153 0.4999694591523409 
0.5845834258639341 0.5001271210178805 0.499935930640636 0.49994447367334166 0.5000167874738051 0.4999707496575358 
0.3603787090239994 0.5000168939770872 0.4999356207855333 0.4999469156267361 0.49999315282754814 0.4999677363412984 
0.8698003840953656 0.5000980179627136 0.49993638231144827 0.4999498611017754 0.5000069637456266 0.49997308292550247 
0.909413760633249 0.5000154175937945 0.4999366660430601 0.49993905430393076 0.5000042184084762 0.5000761197934611 
0.7248477585572597 0.5000184939613507 0.49993490401540436 0.4999478217066621 0.4999921395128431 0.4999717757588105 
0.6084162431433753 0.5000975293058361 0.4999363198081361 0.4999518307475787 0.5000158938485552 0.4999710774255116 
0.9834377633581934 0.5001138963692766 0.4999351759830255 0.4999387555504359 0.5000159021251578 0.5000849494251888 
0.27105105732339735 0.500100776769576 0.49993451362953467 0.4999444056075372 0.500005673323305 0.49997281744454425 
0.44880068102563075 0.5001185755670028 0.4999346510712099 0.49994908718411996 0.5000164186175857 0.4999702905557613 
0.9707981729582874 0.5000165782135837 0.4999344401675974 0.4999499750342219 0.4999918489669841 0.49996073752941517 
0.324976435372353 0.5000986109680908 0.49993664080452394 0.4999561165375246 0.5000156031779469 0.49996103041896894 
0.8872359110145871 0.5001167737545631 0.49993637837589777 0.49994971147380174 0.500006996483959 0.49996616687436873 
0.5444887605946367 0.5000234504562107 0.49993676092060724 0.499955578676848 0.500004725352267 0.4999723687666478 
0.01899789231145449 0.5000158886605842 0.49993677980320184 0.4999554536362685 0.5000159791980671 0.49997152139448986 
0.24140284895721448 0.5001007438264392 0.4999345102136244 0.4999474551765731 0.500005673323305 0.4999728271780921 
0.22779708134223992 0.5000145996563117 0.4999366922081945 0.49995138775370485 0.5000052929455555 0.49996019526244523 
0.3448818347040056 0.5000995908508062 0.49993559398119986 0.4999255351062674 0.49999174257420653 0.499972359553869 
0.46485533093376324 0.5000187135273664 0.49993476370558254 0.4999447049349106 0.5000058872111992 0.49996767185410684 
0.398809533889553 0.5001014214914581 0.49993527555675144 0.49995610251643546 0.49999379259976934 0.4999563553197483 
0.16107129138425502 0.500100742219938 0.49993544862641265 0.499956206185603 0.5000056799955575 0.4999661680558172 
0.03171318671471374 0.5001016472652499 0.49993681294390035 0.49995565952442544 0.5000159548792863 0.49996368687956555 
0.5064660874946881 0.5000281929061323 0.49993511824269304 0.499927283834912 0.5000182826640105 0.4999612971320097 
0.8933712330744247 0.5001029035728816 0.49993638231144827 0.4999498611017754 0.5000069637456266 0.49996616687436873 
0.10760548497444744 0.5000941298634134 0.49993674108362657 0.49994733202192304 0.5000058781594499 0.4999677252866159 
0.38799357015351615 0.5000229055775606 0.49993484031797375 0.49986364825516844 0.5000173644147253 0.5000758800890774 
0.1978952661358016 0.5001156194269507 0.49993465957076244 0.49993885836806495 0.5000158052708124 0.4999675489164832 
0.5240257577662846 0.5001164352125368 0.4999364376392616 0.499947142100895 0.4999930864904641 0.49996292748442 
0.0741317960726362 0.5000145996563117 0.4999366736377451 0.4999464182618626 0.5000052929455555 0.49996019526244523 
0.5274567526377907 0.5001047378300713 0.4999357196080783 0.4999471515015052 0.5000054941313885 0.49996762916249055 
0.4209454389737577 0.5000187135273664 0.4999346865456149 0.49995652053001355 0.5000055322110896 0.4999659199099205 
0.8586341799978859 0.5001577105306402 0.4999357677431287 0.4999507808218079 0.5000070274433318 0.4999715669565581 
0.00831281941102291 0.5001016472652499 0.4999366094018892 0.4999554536362685 0.5000159791980671 0.4999643349229351 
0.9608217317793553 0.5000230582994499 0.49993641274984035 0.4999497742875104 0.5000047399319941 0.4999659061348883 
0.3376385433722009 0.5001024922599966 0.49993422228993156 0.49993919302835077 0.4999920261054964 0.4999541993388719 
0.7355631907683837 0.5000191086206022 0.49993549858774816 0.4999561054070226 0.5000066562293627 0.4999593136815264 
0.28421560424751396 0.5000151632331225 0.4999344542773999 0.49994734403981195 0.5000076158367339 0.49996542198636595 
0.8503448598028456 0.5000183190333984 0.4999361710347525 0.4999469631611696 0.5000155193414662 0.49996739464966317 
0.9509238066643089 0.5000216271212296 0.4999363470893017 0.49995015538300563 0.5000159731385282 0.49996472775990075 
0.7445818750815537 0.5000279522129073 0.49993445433869066 0.49993933521804773 0.5000174976120247 0.49996269613134786 
0.2591047546676163 0.5000275042119982 0.49993443040651286 0.4999474794442239 0.500004545745748 0.4999729282285705 
0.829526085385265 0.5001567718129528 0.49993662888122375 0.49995588464567486 0.5000156995882519 0.49996103041896894 
0.8407164279316375 0.5000179256373071 0.499934392584413 0.49994969804969985 0.5000062371530976 0.49997310666065786 
0.5597539093427109 0.5000181779461847 0.49993453261346826 0.49995553679266364 0.5000045463375181 0.49996505995938845 
0.43055641172020603 0.5000255168845924 0.49993445433869066 0.49995149130619354 0.5000174976120247 0.4999629189086778 
0.660666682392971 0.5000295477362204 0.49993666984150026 0.49994728958044354 0.5000173559306498 0.4999654089249982 
0.12145137494830083 0.5000339756895908 0.49993509941000314 0.49994733811132747 0.500006705649213 0.4999694766561632 
0.25154940091151906 0.5001007438264392 0.4999363284685162 0.4999499416828695 0.5000144791932488 0.4999728084210898 
0.43989841055952794 0.5000234504562107 0.49993663397745697 0.49994997328195456 0.500004725352267 0.49996545996561936 
0.5703130295298139 0.5000298594450263 0.4999363560336373 0.49993911663534896 0.5000049233219278 0.5000841832581331 
0.2978732987049758 0.5000318796694878 0.49993443475306326 0.49993868288472804 0.5000046783447254 0.49996270771983364 
0.05758359220094844 0.5000145996563117 0.4999366736377451 0.49994705652910054 0.5000052929455555 0.4999711099201332 
0.3726640828815954 0.5000275950410934 0.49993446007918335 0.4999515308059337 0.5000174998752713 0.49996269613134786 
0.08372256811945045 0.5000207421899474 0.499936631349764 0.49994732446506507 0.5000169248879229 0.4999605531794259 
0.672399579333807 0.5000158251354722 0.49993671788504307 0.4999393074736045 0.49999343461271856 0.4999602394856581 
0.3132240393289082 0.5000151632331225 0.4999363379816153 0.4999473285757464 0.5000076158367339 0.49996542198636595 
0.9312474124417022 0.5000162637961182 0.49993631345206047 0.4999390619159183 0.5000042184084762 0.49996053422087644 
0.06393631225063212 0.5000986109680908 0.49993663154516665 0.4999501834604464 0.5000157625684772 0.49996103041896894 
0.09201894150385062 0.5000947666183914 0.49993484199742805 0.49994500100850864 0.5000173135876186 0.5000713354311358 
0.04573125615677298 0.5000307829614917 0.49993441538930283 0.4999472545693588 0.5000052409615011 0.49995464762539166 
0.6317792590651816 0.5001037773053654 0.4999343905702267 0.4999396959916905 0.5000074680220807 0.5000744433216392 
0.1007392669619433 0.5000947249934341 0.49993484199742805 0.49994439126965357 0.5000173135876186 0.4999709881408308 
0.2185406758724906 0.5001128595448887 0.4999349627969892 0.4999388443539548 0.5000160785243877 0.499965320330968 
0.6858002695855467 0.5001156194269507 0.49993465957076244 0.4999394590112889 0.5000158052708124 0.4999675330399923 
0.12697920153203562 0.5001577105306402 0.4999357677431287 0.4999507808218079 0.5000070274433318 0.4999715669565581 
0.1377285729671236 0.5000985610138619 0.4999343905702267 0.4999396959916905 0.5000074680220807 0.4999679019660122 
0.3081744915254472 0.5000279522129073 0.49993445433869066 0.49995149130619354 0.5000174976120247 0.4999629189086778 
0.8013545924584687 0.5000199162562399 0.4999351163291905 0.49994454707923275 0.5000049931141668 0.49996307428516806 
0.5511757399501462 0.5000234504562107 0.49993676092060724 0.499955578676848 0.500004725352267 0.4999723687666478 
0.8207655696315644 0.5001022594558048 0.49993666212787086 0.49994751199367277 0.5000170897639508 0.49997168440643036 
0.14854543578583962 0.5000119419198772 0.4999344542773999 0.49994783264204706 0.5000047252344588 0.49995474701319315 
0.47847407146466686 0.5000191829856415 0.4999364908623981 0.49994999366672643 0.5000049087113674 0.49996294855711626 
0.3773583273242743 0.5000191370438465 0.4999356207855333 0.4999469156267361 0.49999315282754814 0.4999677456661921 
0.7760561294580497 0.500026869658281 0.4999343809865505 0.49995170749303813 0.5000170897639508 0.4999730481617392 
0.6994191504563354 0.5001022609679165 0.49993671788504307 0.4999394195115488 0.49999343461271856 0.49997161864653666 
0.5777178411257233 0.500029938049404 0.4999363561755448 0.4999498611017754 0.5000069637456266 0.5000838961676599 
0.8054062000430656 0.500145123937545 0.49993493363926683 0.4999455897378807 0.5000077148657363 0.49996190928566764 
0.7910762657935195 0.5000281929061323 0.49993511824269304 0.499927283834912 0.5000174987668327 0.4999612971320097 
0.7635331549898163 0.5000145996563117 0.4999366736377451 0.49994706194516114 0.5000058467366595 0.4999711099201332 
0.6786534988153322 0.5000275897027602 0.49993465957076244 0.49995209191611806 0.5000177479093222 0.4999728215118815 
0.4863118368368979 0.5000187135273664 0.49993473647789155 0.49994472765426984 0.5000049087113674 0.4999631627688567 
0.47141918990799847 0.5000187135273664 0.4999349183886252 0.49994972393345255 0.5000070723741589 0.49996589335338537 
0.29034010293962254 0.5000145264781445 0.49993674427712703 0.4999473281696726 0.5000074466812839 0.49996768780621426 
0.9210803818327544 0.5000154103359256 0.4999366736377451 0.4999464182618626 0.5000042184680166 0.49996019526244523 
0.7093070229454439 0.5000184939613507 0.499934657068972 0.4999520005480007 0.4999921395128431 0.4999698071186504 
0.20680493394612248 0.5000290555818994 0.49993445200724485 0.4999472987103479 0.4999913178033706 0.4999698683471066 
0.5024126664064372 0.5000199162562399 0.4999344332319372 0.49994454707923275 0.5000049184711932 0.4999631866165462 
0.7543192243553655 0.5001132115168483 0.4999343905702267 0.49992527192367026 0.5000185362882483 0.499971354602121 
0.9952071988042073 0.5000986109680908 0.49993662850266 0.4999501044469321 0.5000157863755758 0.49996103041896894 
0.6199575216446334 0.5000298594450263 0.4999363903603951 0.4999394441786524 0.5000066187337311 0.4999592943898435 
0.6432951105833032 0.5001014269376975 0.4999357952053631 0.4999551846084757 0.5000068279209469 0.4999717553688936 
0.6432951105833032 0.5001014269376975 0.4999357952053631 0.4999551846084757 0.5000068279209469 0.4999717553688936 
0.15645427368130554 0.5001006707610001 0.49993668946183467 0.49994750594907245 0.5000051803300426 0.4999548054881667 
0.7093070229454439 0.5000184939613507 0.499934657068972 0.4999520005480007 0.4999921395128431 0.4999698071186504 
0.6617191613710821 0.500097965951453 0.49993666984150026 0.49994728958044354 0.5000170897639508 0.4999654089249982 
0.40975707114083143 0.5001014214914581 0.49993527555675144 0.49995589387736034 0.5000155111515939 0.4999563553197483 
0.14082951262777937 0.5000141622755397 0.4999344542773999 0.4999476772243333 0.5000047252344588 0.49995474701319315 
0.6359250553950232 0.5001037773053654 0.4999343905702267 0.4999396959916905 0.5000074680220807 0.5000744433216392 
