0.04659472582831596 11.7920204304391 
0.0 11.797212681695612 
1.0305054956303703 10.083154203140557 
4.629280923906609 6.395729804462591 
4.182526611382161 6.884289749665654 
1.3877941899279473 9.770373749246541 
12.322714204902507 0.0 
11.647053209740525 0.12742598499430705 
3.2445797151254907 7.787224925102492 
10.406320358656094 1.0333277113641635 
10.119193198412495 1.1484425370377587 
0.6642534007824668 10.485987110191829 
10.595862226892212 0.7823274488571939 
0.16365178624485752 11.217463174159812 
10.303595135213452 1.1232384888108378 
1.2567753208090695 9.829010546016923 
10.53986900166556 0.9618982107506531 
0.2520630142151462 10.993204079915449 
0.11869751081881176 11.394051244248402 
3.478781500771429 7.577749160955586 
1.21530331128012 10.033034315159776 
0.5565584867487164 10.619023679152093 
0.900299077562954 10.39545952777899 
1.501862282047919 9.593605572006911 
0.45585396214315677 10.713492545564876 
4.091095854338416 6.996911214185614 
0.34590964337617097 10.820450949634767 
0.9564602049635867 10.291957228562937 
4.36613933867194 6.653066073395361 
1.9559445916528622 9.15636826047292 
3.6057783878915513 7.5008716926384595 
11.40118550726726 0.3476493059919854 
3.6664978289706243 7.362762275529769 
1.8511683967585515 9.295756558985557 
1.7311850334659538 9.389245158628956 
9.054933702196921 1.991860700207726 
1.644175437975476 9.456651354060234 
8.928074309792477 2.114056575365176 
12.222307281794247 0.10102862301905541 
4.300392799925314 6.81342745386134 
2.097054275641845 8.959506678413282 
4.978815435092248 6.054781566989958 
9.96908590422066 1.2730572668054707 
8.709322824450533 2.3487105850569616 
2.399530365987881 8.712662097734079 
5.154636629020647 5.846018839290002 
2.795618505955961 8.304023351702199 
7.290449759448738 3.7167416056026226 
6.176402865182622 4.8413730842705345 
8.869339377002088 2.2720276816863674 
3.8625270487588312 7.170728969606202 
9.940750368612782 1.3562939283979774 
5.507275338108858 5.503561591529509 
5.73783993603742 5.283167676584182 
10.824106647047518 0.6010788423773094 
10.764808932991421 0.6268645311171318 
9.695442708262734 1.3941903538788682 
6.393629971928389 4.656370986525342 
5.384522684569908 5.613818228956109 
5.840975433673911 5.168121509241619 
3.777093483654898 7.318848841828124 
7.957724018462977 3.050754462222103 
8.29623146988253 2.7139723131437203 
6.590583143092959 4.418231364716024 
3.9790107198638256 7.034176141190709 
7.052834656059987 3.9513190488707766 
6.482261272755726 4.525009019416163 
6.287393950377814 4.75760487332613 
9.596614655513925 1.5679305787068758 
5.0736181511886365 5.952989325822626 
4.859742538271799 6.150592534252347 
6.943561642332856 4.066818738562656 
5.622016095468312 5.390474333304247 
2.2039917644614024 8.847795668225185 
4.506195307111782 6.505574060756281 
5.94635218887263 5.056980779734297 
2.6318724502888564 8.442884130636426 
2.5127553838093677 8.513724925772863 
6.055794389240519 4.947309871157414 
3.165189952862265 7.914129417987128 
5.271846681696948 5.728575396175569 
2.8826221898877726 8.181223422805617 
3.0472595244582705 8.073686793747779 
7.867706937256412 3.1694981903418027 
6.70828440645831 4.308436820132732 
7.749724347832201 3.281560763805233 
6.8252300310825404 4.18160977796278 
8.563181893608647 2.4718704632662383 
9.337185462154268 1.736935431256253 
4.760804508805129 6.288005098505664 
9.478490631339167 1.7150796888005453 
9.177281269988239 1.8469961587777883 
8.426905062734994 2.58984322771609 
7.629348223848247 3.384728592824999 
3.384117977055021 7.689346710862223 
7.529971300635111 3.5019835423240564 
7.17646767548259 3.835316427951662 
8.074941089970839 2.949369386796546 
8.193539871220874 2.8445024880980028 
7.4157842222272645 3.612018629012534 
