-55.0747911549065 -22.88258863368916 
-56.140987291104985 -20.826731101655355 
-53.657990764404445 -24.021741730038123 
-55.72302101816955 -21.857549161018238 
-63.91394160000258 -9.833010228340687 
-66.18103682306219 -7.110288384862914 
-53.4238349053588 -24.61357440819782 
-63.130024595875724 -11.586538571951362 
-57.76373036924362 -19.2000516162825 
-52.76017251580416 -26.241345858586893 
-53.56389783676106 -24.308115368540655 
-69.88306201522562 0.12113733083559518 
-61.45823094751118 -13.168629659280022 
-53.07189347510143 -25.680249330444333 
-53.25461699326873 -25.259554828629632 
-64.07683203184716 -9.235148571735952 
-57.55520052380043 -19.343454972539675 
-52.57509245929044 -26.490644212304232 
-60.829363291478174 -14.664668432885609 
-56.33334262136688 -20.236861451697035 
-61.582668177608085 -12.744616184723675 
-66.98156013555415 -3.8783434881536456 
-55.387266094741264 -22.436829609598348 
-55.29395660368749 -22.707174355557786 
-56.43081351584689 -19.94308075447852 
-64.30515220764849 -8.56347075186478 
-59.17339379678516 -15.858577652484424 
-53.29826026513568 -24.915269105063494 
-63.825367804435714 -10.083263729831081 
-68.16236748285336 -2.730472100726219 
-52.23376660388726 -27.617143260313746 
-62.03165937913869 -11.666552830227117 
-59.30738940343305 -15.583739672436852 
-58.42501643456741 -18.004948854302913 
-59.00857802466428 -16.06832119476696 
-58.612844127446955 -17.570218256020596 
-68.67752170108265 -0.643780505057876 
-68.17774648986534 -1.957838439829592 
-51.13561392536972 -30.40208032188047 
-55.959615738884985 -21.081965820617853 
-64.77354001247247 -7.674325029683965 
-61.36435898942319 -13.540136216155693 
-60.76346106354125 -14.936972904017928 
-61.081856861142114 -14.138167804060553 
-51.936774420139734 -28.556221292769273 
-61.69961428095455 -12.409614419074547 
-50.94874973216179 -30.674640612233517 
-68.09637970393321 -3.211740812462735 
-67.99564483028595 -3.5307152479122395 
-66.67485165148229 -4.612277087598499 
-68.60243498352054 -0.9526284240735743 
-55.90892708506018 -21.432645880385305 
-51.829298403365506 -28.882067824453475 
-63.644508941727416 -10.60298419308112 
-56.207381048573836 -20.481131537694658 
-60.521778160499395 -15.263981739111056 
-52.3621822223361 -27.258362027440594 
-61.00328148384994 -14.401069243253412 
-64.47235929802015 -8.220018734540453 
-66.39909371788357 -6.060796388425995 
-66.46036127028326 -5.055746474070336 
-67.89943739569873 -3.7929044604818785 
-58.73296265844725 -17.164586883613723 
-52.93619751461757 -25.968148195881113 
-66.3157708769377 -6.427281383045086 
-68.48691182662273 -1.2104957045401907 
-66.0635802451259 -7.439172982633401 
-66.82065422809644 -4.290345954860946 
-58.98694591297715 -16.46183951183952 
-64.01589528832396 -9.489553282441342 
-68.91032383327747 0.005763865261223633 
-63.32206255371248 -11.385797846123069 
-53.97569497562777 -23.193989148175973 
-53.799858459523065 -23.6142113079798 
-66.59825597694245 -4.8560454284654915 
-57.95732522807218 -19.0066580578452 
-55.60782720177543 -22.23319200827164 
-63.43427032056024 -11.174423237983945 
-58.25392393109302 -18.40866886355156 
-65.92241469897476 -7.664509772008253 
-51.40856914456059 -29.971416149355193 
-58.080289790750236 -18.734535055094824 
-60.28423109503464 -15.459470131016625 
-56.542863676883876 -19.6608703652401 
-61.255834088773895 -13.844224846398747 
-52.51481491431925 -26.827403969915114 
-51.4926306350509 -29.675401503943327 
-63.74249714191312 -10.358696220257617 
-52.18747404208859 -27.87822192489451 
-51.73494134303802 -29.151985091605102 
-66.22729391317614 -6.717910407666388 
-63.506806436213985 -10.869049748169548 
-52.09017344011247 -28.18836802716027 
-58.811623315400986 -16.791930030059625 
-61.83899192168226 -12.007713939599265 
-54.922731963672334 -23.048937116315336 
-64.18570986929726 -8.993310097262672 
-56.62563641252882 -19.420008704608456 
-50.67098772866673 -30.842233903329344 
-51.65551903799554 -29.41141319151852 
