0.5 0.0 
0.0 0.5 
0.2611542974416199 0.23884966173372327 
0.29587270064086485 0.20413277325385043 
0.4950314674468923 0.004993622273231407 
0.18297217252525683 0.31703469111777494 
0.27111320616880596 0.22889146250393133 
0.05754859829404332 0.4424573279845801 
0.25619701342380763 0.24383208412029989 
0.23639984858582666 0.26361464086203706 
0.0627755788396566 0.4372417080571463 
0.04183427764236057 0.4581705068181561 
0.1781696859908741 0.3218348369105127 
0.026128351251049103 0.47387297425696534 
0.052317063860399166 0.44769429218574874 
0.29092585435609436 0.20908640003105508 
0.4647924680502393 0.035207802978471266 
0.2512275402345968 0.24877322003169752 
0.36121346801257675 0.138798472301272 
0.20706349200418123 0.29294668503320936 
0.3715052056048317 0.12851323617127455 
0.015661393575403512 0.48434047542896996 
0.3510156254864595 0.14899459048378802 
0.010447525129408077 0.48956421169783537 
0.16851755430888907 0.3314932819447387 
0.2760691738877541 0.2239347813084165 
0.21192350661679074 0.2880790878234275 
0.46985412188735187 0.030154174926861548 
0.4391405719713247 0.06086888413417389 
0.3870454399648645 0.11297690890975311 
0.2810209619932973 0.21898312433295788 
0.40268646347820697 0.09732476768059603 
0.14410076475719177 0.35592527138391794 
0.3157480189911262 0.18425667414000196 
0.41313797076753406 0.08688169727121911 
0.11923489935944877 0.3807689704538655 
0.37667120609872506 0.1233307987261588 
0.22167941427398563 0.2783450649885425 
0.3818555645776176 0.11816095715147831 
0.17334565505662222 0.32665538138040284 
0.47997171108750003 0.02003741546397006 
0.03660003441312382 0.46340291550527457 
0.15880223787441947 0.3412090478768918 
0.423568481757157 0.07644407225542804 
0.07317782291172421 0.4268237931455638 
0.34593828424361794 0.15408560995446882 
0.2661419806205642 0.23387470913901018 
0.04707595534362145 0.4529410241715058 
0.4339573734719358 0.06605054327843059 
0.02089732358541917 0.47910306739356334 
0.10911232646094052 0.39088897239790216 
0.39224239796035065 0.10776969732584418 
0.39747099397620844 0.10255659629910041 
0.42877501777373317 0.07123138212483347 
0.005223164166865724 0.4947790265015365 
0.1141763904736097 0.3858256811841246 
0.48500290087418113 0.01501109525216565 
0.33078377693973265 0.16923420761096047 
0.34087235090458984 0.15913794728819758 
0.3207556605356286 0.17926372274086638 
0.21680250577617755 0.2832358436169502 
0.32575109157708926 0.1742538810907882 
0.16366736007275431 0.3363335611240978 
0.08870198311918914 0.41133778606555627 
0.15390357027094884 0.3461127966794239 
0.23147856393234137 0.26852770661231995 
0.08352620658822119 0.416487959571624 
0.2022376665139865 0.29778594047015877 
0.18777934416010883 0.3122248962621712 
0.031369495442996775 0.46864229607156793 
0.2859678972916915 0.21405001976321494 
0.36636986710737096 0.13366578973957075 
0.19259266900799957 0.3074092116609543 
0.12423068306226863 0.375769414478418 
0.44431959127149884 0.05573462576225259 
0.10404493275484213 0.3959673563051053 
0.2462823409179797 0.25372707186084337 
0.47491707805438294 0.02509775928146593 
0.06797595503133304 0.4320296434111765 
0.07835808638576615 0.42166729868703323 
0.33582679853013353 0.16418720650157861 
0.4494576267643155 0.05054840255512819 
0.14901419340049077 0.35101609427960645 
0.31077342576676603 0.18924427479327388 
0.3561006428930041 0.14390845739938227 
0.49001381565335944 0.0100351859588751 
0.30580914326571856 0.1942007264848094 
0.1391613982568158 0.3608565623795846 
0.0938455221547234 0.40619461786032174 
0.4596777026733149 0.04033734483023937 
0.22656470387225955 0.2734455414938071 
0.40791856072568106 0.09210952577526614 
0.09894381992338966 0.4010616130981097 
0.24134597263927815 0.25866868739892745 
0.12923357076203087 0.37076650625431795 
0.3008580215076611 0.19918500071057127 
0.13419081297482222 0.3658121937049718 
0.41835567624422426 0.08166162901424637 
0.45459208252766353 0.04543567464747259 
0.19742453386086223 0.30259254824406834 
