0.43380232361308513 0.7909110379982072 
0.4467944972221122 0.7852133115857886 
0.3176070556031152 0.8530828145376517 
0.266341342460905 0.8757191258120343 
0.7480758450368541 0.49642961360442706 
0.1487662318129609 0.9228430604309404 
0.7893015964547547 0.4325953371203528 
0.6456917779576665 0.6183883665200606 
0.7832715013036062 0.44989980438596344 
0.9040667862760922 0.198119605087835 
0.549021171079944 0.7177717735242846 
0.5944219338768031 0.6705091781503619 
0.5116366343690298 0.739561462322351 
0.858474469071459 0.3040498428195144 
0.5679601100973999 0.6929086179508246 
0.5796885239041323 0.6845454276861844 
0.6875907103075203 0.5743995571219753 
0.9093376405887023 0.18680913973220326 
0.480219711418879 0.7627543051197788 
0.9328759614976299 0.12481150975400501 
0.9282973057649184 0.1354498121885095 
0.9722850349520386 0.01133665175599452 
0.09169619249196803 0.9429071219013647 
0.5256613526445542 0.7254932287458999 
0.5379825800543742 0.7208819561732894 
0.6366049684896017 0.6281766663772989 
0.9535289269318149 0.059962208808799544 
0.8196472686293396 0.38482005918247575 
0.8926386987599407 0.22793411689982546 
0.9458073352938056 0.08569741767711025 
0.22220628220134442 0.8942215888050549 
0.2811516438099726 0.8693682232891641 
0.4946457889177308 0.7533164884116194 
0.7655386411405716 0.4725814299342058 
0.36924020652399614 0.8287393200958422 
0.6687471395351328 0.5954241461238428 
0.2922384504589194 0.8652817010339773 
0.8104082245869342 0.3964016624515134 
0.7971486258402267 0.41989576896516223 
0.7391993648447441 0.5076117967532043 
0.550726759480562 0.706971084643444 
0.3916343398607437 0.8137565104995216 
0.8394075824402372 0.34309896502787784 
0.9139585174178089 0.17176605950488977 
0.6173665089027552 0.6479567796303105 
0.957990775710475 0.047663544639712785 
0.9197000553740395 0.15677207138928484 
0.16444143602809957 0.9177919620219854 
0.8262125718056249 0.37083121354299386 
0.03875283900425486 0.9615558308166542 
0.6577612184574247 0.6061281276612216 
0.804191658387511 0.4087086944249536 
0.35756128594549363 0.8361601778088222 
0.8881534056837367 0.241712318200759 
0.3310632739907893 0.8461118498585729 
0.38108929096851063 0.8201900481189651 
0.8491246557129921 0.33095851231333007 
0.30381152838629066 0.8587011977416373 
0.7317591089859192 0.5182631235202719 
0.9355852653394601 0.11307835458758797 
0.6085268276839144 0.6599090547410238 
0.012302468066068828 0.9728647820121707 
7.897920648497481E-4 0.9806145887459897 
0.8822169140311357 0.25501556037511164 
0.627882862823141 0.6363550133491874 
0.07687285149879197 0.9491077020997154 
0.026197031902976953 0.9659856870455095 
0.6778231715028163 0.5847266523935346 
0.9400705376996984 0.09868244810289106 
0.9236153997542487 0.14630257155317627 
0.8995450867365302 0.21545156018938683 
0.7716721810468845 0.46173215264183665 
0.417517741755869 0.7984478341940405 
0.056606027235972856 0.9553785082742983 
0.20788534597818487 0.9002634853865904 
0.7568560569095172 0.4827783193377485 
0.8527525720943061 0.31657074626668036 
0.8643872019783606 0.2910759181366789 
0.5597393717863242 0.6988903304905125 
0.13421233021406653 0.9290989087454115 
0.4041548025907554 0.8063159467062428 
0.8339707578564993 0.35730406037356455 
0.7219559221318038 0.5309455739752736 
0.34279185258072287 0.840520475005228 
0.19351233756990172 0.9077667274000146 
0.46257759127752596 0.771231568469235 
0.8701066012660627 0.2802941731847576 
0.875339991881434 0.268225556821712 
0.7035498091559869 0.55363483464384 
0.23689029171649678 0.8887725292701038 
0.12057339438317372 0.9326115319569918 
0.1065504816196311 0.9383285850023181 
0.251186071146666 0.8822665045032045 
0.9679888727991901 0.021980192626240624 
0.7117947533335259 0.5434730237506461 
0.9635040416050663 0.035650133642382564 
0.9815664227774884 1.2480158638727978E-4 
0.6958067257685723 0.564188044949767 
0.178656351311671 0.9123190750233805 
0.9496010384911387 0.07240691618735773 
