1.9567886590957642 0.27736514806747437 
1.9653853178024292 0.24456825852394104 
1.6885497570037842 0.3963422477245331 
1.7328040599822998 0.2845143675804138 
1.7157570123672485 0.3267904222011566 
0.0 4.0 
0.6645188927650452 1.7493395805358887 
0.1789269596338272 3.014420986175537 
1.6998533010482788 0.36726081371307373 
0.7138983607292175 1.6531143188476562 
0.2311067432165146 2.7279112339019775 
0.556821346282959 2.103917121887207 
1.219301700592041 0.8955968022346497 
0.7249953150749207 1.6390869617462158 
1.0839545726776123 1.2230587005615234 
0.5653086304664612 2.073765516281128 
0.4437423050403595 2.3788692951202393 
0.5197592973709106 2.2259366512298584 
1.6557592153549194 0.4803096652030945 
1.677730917930603 0.4242264926433563 
0.5422461628913879 2.154221773147583 
0.22181932628154755 2.778604745864868 
0.532423198223114 2.186601400375366 
0.13081423938274384 3.1803674697875977 
1.1018645763397217 1.1719293594360352 
1.632599115371704 0.5373803377151489 
1.1825164556503296 0.9648942947387695 
1.548243761062622 0.7059885263442993 
1.1422486305236816 1.0611075162887573 
1.0929811000823975 1.1972506046295166 
1.6231292486190796 0.5597651600837708 
1.6659390926361084 0.4544754922389984 
0.6968854069709778 1.6799442768096924 
1.6440261602401733 0.5095785856246948 
0.6372236609458923 1.8255294561386108 
1.1127723455429077 1.1411256790161133 
0.744133710861206 1.620866060256958 
0.6765250563621521 1.7208071947097778 
0.2056083232164383 2.869943380355835 
1.0260423421859741 1.3817898035049438 
1.1606916189193726 1.0147509574890137 
1.6043764352798462 0.6019558906555176 
0.4675561189651489 2.348191261291504 
1.5356155633926392 0.7240004539489746 
1.5943552255630493 0.6231520175933838 
0.3869054913520813 2.3999874591827393 
0.4999240040779114 2.2807235717773438 
1.0657457113265991 1.274827480316162 
1.5718446969985962 0.6667962074279785 
1.560349702835083 0.6867659091949463 
0.21628673374652863 2.8095531463623047 
1.5830614566802979 0.6457693576812744 
1.0361828804016113 1.3556528091430664 
1.2494730949401855 0.8538917303085327 
0.35323819518089294 2.4025778770446777 
1.0747498273849487 1.2493224143981934 
0.6463923454284668 1.7982968091964722 
1.0563358068466187 1.3011407852172852 
0.767114520072937 1.6076538562774658 
1.1227872371673584 1.1133015155792236 
1.2338706254959106 0.8737313151359558 
0.602412223815918 1.94074285030365 
1.045709490776062 1.3302555084228516 
0.41271257400512695 2.397155284881592 
1.5223380327224731 0.7406561374664307 
0.5917247533798218 1.9786715507507324 
1.3251477479934692 0.8045118451118469 
0.6559226512908936 1.7717081308364868 
1.1711219549179077 0.9901857376098633 
1.2836834192276 0.8227828145027161 
1.3474093675613403 0.8010206818580627 
1.3703616857528687 0.8000388741493225 
1.1925774812698364 0.9440048336982727 
0.6134277582168579 1.9026267528533936 
0.19954076409339905 2.9041223526000977 
0.16337814927101135 3.085721254348755 
1.0032178163528442 1.4364309310913086 
1.2660250663757324 0.836792528629303 
1.3039475679397583 0.8115624785423279 
1.2058079242706299 0.918719470500946 
0.17077820003032684 3.053480625152588 
1.1315734386444092 1.0893852710723877 
0.9717724919319153 1.499916434288025 
1.4583500623703003 0.7895474433898926 
0.6246898174285889 1.8651031255722046 
0.14978617429733276 3.1352591514587402 
1.417192816734314 0.7989386916160583 
0.1865503489971161 2.9751574993133545 
0.9507498741149902 1.5335211753845215 
1.4385730028152466 0.7956645488739014 
0.9105758666992188 1.5770431756973267 
0.19317790865898132 2.939413547515869 
0.9300597906112671 1.5592825412750244 
1.4764041900634766 0.7806533575057983 
1.4931310415267944 0.7691418528556824 
1.5082037448883057 0.7558203935623169 
1.3942995071411133 0.7999541759490967 
0.8184202909469604 1.6000089645385742 
0.9878425002098083 1.469346284866333 
1.0132218599319458 1.4132648706436157 
