0.9816175722231137 1.66477516228003E-6 
0.9728119847794807 0.010230573186256309 
0.010649680715272836 0.9726071350547724 
9.487938901209247E-7 0.9816739709906256 
0.9371473943817452 0.1071163159643218 
0.0676636920105953 0.9507801251034097 
0.9616493604136336 0.03702403405805921 
0.053073555340944156 0.9558701886088881 
0.03858225767930368 0.961076956171242 
0.9669316848380382 0.023330522322144942 
0.1684225167855814 0.9151396736637486 
0.08220795920860957 0.9457740953909911 
0.9322623209396174 0.12109048382818643 
0.024305583176561618 0.9665490649281121 
0.1112062909885837 0.9357206768986022 
0.21041165324733568 0.8989431393270912 
0.9223219862320863 0.14889787589305314 
0.09672904672541427 0.940747686419739 
0.9566152313040363 0.05095390090861651 
0.9468508010951137 0.07904446644863483 
0.12561054568194985 0.9306613703691852 
0.2378640420701068 0.8877379420580651 
0.1542221296410855 0.9203783211834718 
0.9420096225291738 0.0930800016531399 
0.9517140557691367 0.0649819739397326 
0.9067960183951346 0.19038774597024188 
0.18250593055344344 0.9098307381411045 
0.3049044521247769 0.8579278589696144 
0.9273174925844117 0.1350274467057475 
0.9172304810853138 0.1627751377618447 
0.1399546200971944 0.9255566733780765 
0.19650417476909798 0.9044330626101722 
0.8903255876612783 0.23165068886850226 
0.22417347768582074 0.8933909872365222 
0.8959065917341046 0.21798573304206503 
0.3180828883836464 0.8516074480693254 
0.9120503136673415 0.17662581493340657 
0.25143672263749484 0.8819984540553154 
0.854248417207925 0.31261065585785963 
0.27836020513198734 0.870183239378426 
0.3311883807939051 0.8451560446529506 
0.2916767669103826 0.8641074214805835 
0.8411187180960107 0.33922050621961297 
0.8477495793211751 0.325960995488206 
0.860582070004448 0.29929046859542896 
0.901403430477 0.20421217653072343 
0.8343313087216174 0.3524379203510375 
0.8787873044308802 0.2588798756080466 
0.34419889333496756 0.8385811640944622 
0.8728397021667142 0.2724114193050635 
0.8667595197924831 0.28590132455178385 
0.38270167586264003 0.8180812256749123 
0.357126362298652 0.831879765142347 
0.8846076015395821 0.24531111903950986 
0.26495762705381687 0.8761348146793825 
0.40792986672846543 0.8037323456593821 
0.8058371085610487 0.4043374754828827 
0.7983027852726088 0.41712954622007903 
0.790621586748147 0.4298389157863799 
0.8274033267956319 0.36557360483625 
0.395398284285139 0.8109549956213633 
0.6866288621238136 0.5732490344324666 
0.7827799476112864 0.44246711939456485 
0.7413391546968597 0.5038234602520236 
0.4327820221813339 0.7888135198437838 
0.8131737598738199 0.39148060141791474 
0.3699881853289324 0.8250331224303067 
0.4204078946339065 0.7963411548086112 
0.7747735349322854 0.45499973751787703 
0.8203510788942139 0.3785912572276755 
0.7325994257264381 0.5157185425472961 
0.7666217768186641 0.46741024050531976 
0.5166504168031067 0.7319046311795285 
0.5049990297777034 0.7404832628157547 
0.4572292416862954 0.7733261786423886 
0.7237152399586216 0.5274847199525909 
0.46937382996534616 0.765313415879248 
0.48135433231103897 0.7571879085809039 
0.7146698718616982 0.5391293099715223 
0.44508728848815404 0.7811225157909732 
0.5282213799189521 0.7231506468786069 
0.7498998266429318 0.49182989962615475 
0.7583313278565278 0.4796875228473868 
0.5396640846863408 0.7142478093290476 
0.4932679926523129 0.7488858950927947 
0.637122198984279 0.6270849159128036 
0.5509901680274331 0.7051899802529183 
0.6268189227656117 0.6373850389765632 
0.573316775124682 0.6865723683266103 
0.7054708894938735 0.5506422807424804 
0.6163859702620669 0.6475266724537418 
0.6573502540410765 0.6059954249845203 
0.5622307054839386 0.695945621808338 
0.6473068881295034 0.6166153926937761 
0.6961236751600861 0.5620172188689323 
0.5951250942740924 0.6673463758439557 
0.5842885722779265 0.6770331349186928 
0.6770140592307035 0.5843103888800683 
0.667251881605818 0.5952282312719295 
0.6058291621192147 0.6575064196027798 
