0.981690551547245 6.684082076713338E-8 
0.6376693631342407 0.6265297214937313 
1.524543159492353E-7 0.9816916751383287 
0.7467969440797986 0.49622077032720047 
0.5320980141554603 0.7201611455532819 
0.5864162509599258 0.6751540306788628 
0.7126991090087209 0.5416211845849229 
0.7038280329866078 0.5526760071009649 
0.4980566891942724 0.7454844124100604 
0.5757930984655071 0.6844425843038451 
0.9007590280434652 0.20583912438671803 
0.8303004115205952 0.36012110924600116 
0.3883180350425468 0.8149540155070034 
0.7384766921804673 0.5077510539207521 
0.4864511441093551 0.7536628489912139 
0.9723867325340984 0.011053189930005813 
0.9065495743933394 0.19102133170103497 
0.5541915966362323 0.7025859475112133 
0.5969154956015008 0.6657178332516299 
0.3754318078173098 0.8220780973602374 
0.15883034201715973 0.9186892661325075 
0.34935315281619295 0.8359665991679683 
0.9122333030049996 0.17614020332440017 
0.8766213348191692 0.26385899827509873 
0.4010639052446483 0.8077118823233608 
0.7214307509597635 0.5304666036445355 
0.42618920522697346 0.7928496590122738 
0.9551862871893008 0.05499672367982045 
0.8088710294882677 0.3990582737055073 
0.8015049581049498 0.4117232669303058 
0.888897419828055 0.235100989897555 
0.6175285673875146 0.6464291390290409 
0.5650531450816589 0.6935829901777419 
0.9178308890560818 0.16115311684191092 
0.509525812064632 0.7371764736058777 
0.2277575598304027 0.8919271640926176 
0.8161338028741084 0.3862256013433667 
0.009647326546859958 0.9731324817130655 
0.6856459915240357 0.574393762504664 
0.6947998517371852 0.563600936902559 
0.9605584106538303 0.03997161223757528 
0.7709478012904678 0.460866112832395 
0.08975794246207391 0.9431574274493569 
0.3095317732325584 0.8557221839724996 
0.3229570524937522 0.8492249212044523 
0.45076897084582523 0.7775453273535344 
0.33620506597300315 0.8426580204795644 
0.2414915966324862 0.8862169576594836 
0.9446722543110646 0.08536834322217501 
0.022135809604321932 0.9674159394797005 
0.9394136378590482 0.10058658857777536 
0.7630271678774592 0.4727747044247914 
0.5208689351407996 0.7287397825548401 
0.8948754657878084 0.22053167691189435 
0.4137052490911284 0.800339833336516 
0.7549696895017655 0.48456747871301376 
0.048646940182546894 0.9574317875409945 
0.47467489439379984 0.7617445159219747 
0.2959846400943986 0.8621097157419912 
0.06227580585963699 0.9526596583545226 
0.6668805578467937 0.5956393179634502 
0.8639420333877601 0.2920528556528368 
0.7300174461449607 0.5191753761461357 
0.882818976554697 0.2495296990383551 
0.1865260797795405 0.9082964322561861 
0.10361611415748295 0.9383617792272361 
0.6276808121536724 0.6365519644251261 
0.8574349488207497 0.3059364369726566 
0.43856133853268375 0.7852315238548888 
0.6572809797331769 0.606069265079746 
0.7864434786971366 0.4366082264018176 
0.794057268979016 0.42421286936769864 
0.676332655205498 0.5850834770940437 
0.9661744505229974 0.025197592746999065 
0.3624449480134957 0.8290684399383901 
0.07598855028348406 0.9478985708779748 
0.8440789081736051 0.33333956799387265 
0.5432034823437621 0.7114419007903203 
0.03525541257886344 0.9623006086589413 
0.7787612810726623 0.4488025516670966 
0.9287610116734055 0.13096744992014175 
0.25515593018544136 0.8803994269221838 
0.4627897512015864 0.7696828257213173 
0.21399756339669973 0.8975069026127223 
0.17272665947109045 0.9135389896591531 
0.9341111587939552 0.11580557787869694 
0.20032201613322287 0.9029298829828007 
0.2688434491164545 0.8744363153201147 
0.8372690524300519 0.34677046093167163 
0.11745360890825352 0.9335333181661526 
0.8703378408463542 0.2780025613700283 
0.13131198233754748 0.9286603322234497 
0.2825069855009481 0.868341410256422 
0.8232758142620168 0.3732322860930015 
0.647549133069566 0.6163653975491641 
0.9233283832419689 0.14611233404058888 
0.1450805820279366 0.9237027549031712 
0.9499046419274902 0.0701732547109174 
0.6072935187503966 0.6561437694587157 
0.8508265575692231 0.3196842939839585 
