-56.15850584028611 -20.09585688353914 
-52.542076202833094 -26.47645450134578 
-54.91772545515603 -22.914196226706842 
-58.93915380037116 -15.676573266748528 
-53.572582392171235 -24.085955696209073 
-58.34708339283539 -16.94909630130572 
-52.407852657525524 -26.802005993344853 
-53.4305621716649 -24.329552124255997 
-58.004679465347884 -18.222072410517306 
-52.06249510812753 -28.181563539694377 
-53.264669943393656 -24.757261952449284 
-53.98142130469045 -23.006068199856415 
-51.249030420315485 -29.99475110617711 
-53.04137479347885 -25.39014948236578 
-64.31137762459927 -8.113914445670574 
-51.8386207141537 -28.72951912691358 
-67.94516990980082 -3.2665006536041785 
-65.69517152518371 -7.298904259850307 
-51.10707795153817 -30.45701255819016 
-58.59932161451027 -16.778865807713437 
-61.681794415972554 -11.655177912208842 
-68.06965805609778 -2.2049187865055586 
-60.33598095368021 -15.012302920139689 
-63.91969698002051 -8.79135662047457 
-53.67484982581544 -23.48573283689054 
-55.76396054415759 -21.20322216207361 
-57.84969976848258 -18.257407483866142 
-52.61168349088009 -26.22409694906765 
-57.61268613415225 -18.720013885858208 
-51.48114830538577 -29.773297285943034 
-58.034237929121915 -17.848403933789303 
-51.519266286110245 -29.249633357927475 
-56.434160435986 -19.360126355994726 
-57.009641688188125 -18.869837928913466 
-58.98186063823757 -15.264271489579693 
-53.102843120383824 -25.054978857931836 
-57.07026571589322 -18.838484713593346 
-53.78914918159826 -23.30663149189053 
-63.7419148355138 -9.39867373450764 
-58.33838253233459 -17.585367548731334 
-55.84806993074191 -20.894171181785403 
-52.92722935506951 -25.83685454512375 
-61.7937510061879 -11.551649334520352 
-50.602911509629536 -30.933929567911864 
-56.2708219504858 -19.70838566545551 
-63.265165866117066 -10.482323772899932 
-61.20600849688844 -12.867205075458319 
-65.96924868666312 -6.726663012079784 
-66.43494188842244 -4.98683913245789 
-63.84466807385996 -9.033161276725101 
-68.45928308040236 -0.93609802142886 
-66.73818704482048 -4.107900099058046 
-66.58700877985666 -4.435108681338369 
-63.111664143363406 -11.028087322721724 
-55.92559075866588 -20.457078889233436 
-52.28825941436685 -27.256238192763462 
-52.631406079566055 -25.90516489000532 
-68.63660151763071 -0.25178872891438475 
-63.50114886109184 -10.25074713910806 
-56.11256236062084 -20.326826443202762 
-57.64472569133322 -18.59641619910221 
-64.00973636760584 -8.209459009569322 
-60.62108374120079 -14.05235996483466 
-55.51475020666016 -22.235992988492796 
-51.73357835674234 -29.187499024580635 
-50.722974643716114 -30.850452364189337 
-66.29882748091173 -5.473252319795407 
-52.08059181336596 -27.964843365841116 
-69.85484177323215 0.13154297107154395 
-68.0031508814249 -2.832359842372841 
-68.462514515186 -0.36968782057451416 
-66.04478966222662 -6.229273152937296 
-61.07106292340199 -13.956602023035607 
-68.80974892355923 -0.06215560006477472 
-68.10584476694736 -2.056234602422311 
-69.87805683331102 0.1358028634390729 
-58.788776746452235 -16.171092992976142 
-65.87219262717251 -7.087290023115177 
-67.70336648079743 -3.6666990240069857 
-51.89610452053696 -28.481175601756977 
-60.17883718490865 -15.072505362443481 
-63.61596280411463 -9.798419785025631 
-61.59164072411156 -12.529421921940909 
-68.33126723745853 -1.4168997403465895 
-50.87779739943845 -30.625977747286726 
-66.33440980509785 -5.2078161896780895 
-63.17414076505601 -10.935260745711616 
-60.508593694000794 -14.300421276323126 
-65.60214229853398 -7.448649317022964 
-55.09681370545845 -22.4701223269159 
-66.0750838354769 -5.672506095621271 
-66.44930946807895 -4.643165355669973 
-60.4811061523066 -14.84317875440389 
-67.75273828169409 -3.4220959124396426 
-62.609607472378606 -11.326082990851077 
-52.13624784592746 -27.438362163577484 
-63.58615437684456 -9.93881390661474 
-64.46280440147531 -7.609454755306661 
