1.8676773309707642 0.5842859745025635 
1.5143542289733887 0.9840388894081116 
1.2441673278808594 1.4652080535888672 
1.2673901319503784 1.3993771076202393 
2.1383233070373535 0.18285638093948364 
1.6082439422607422 0.9794021844863892 
1.588421106338501 0.9811829328536987 
1.705386996269226 0.9197379350662231 
1.7885072231292725 0.776931881904602 
1.5486425161361694 0.9813041687011719 
1.873544692993164 0.5691632032394409 
2.061218738555908 0.21607206761837006 
1.8935703039169312 0.5179256796836853 
1.9163002967834473 0.4614783525466919 
1.808037281036377 0.7335910201072693 
1.758655309677124 0.8388476967811584 
1.8796550035476685 0.5522304773330688 
1.9839264154434204 0.3168598413467407 
1.939738392829895 0.406603068113327 
1.84676194190979 0.6367977857589722 
1.6473958492279053 0.9678364396095276 
1.9982693195343018 0.29245302081108093 
1.7464897632598877 0.8606512546539307 
1.6294201612472534 0.9748191237449646 
2.046576738357544 0.22936266660690308 
1.8862982988357544 0.5364271402359009 
1.7661640644073486 0.8234423398971558 
1.8397349119186401 0.6558811068534851 
1.8324756622314453 0.6729056239128113 
1.7136332988739014 0.9103054404258728 
1.3698580265045166 1.1343753337860107 
2.1204655170440674 0.18631145358085632 
1.166391134262085 1.6569428443908691 
1.4455063343048096 1.0203135013580322 
1.773741364479065 0.808162271976471 
1.7240002155303955 0.8962149024009705 
1.3158990144729614 1.2624386548995972 
1.7353867292404175 0.8789994120597839 
1.7956103086471558 0.7611280679702759 
1.3102996349334717 1.2773683071136475 
1.8232983350753784 0.6956982612609863 
1.6765695810317993 0.9492548704147339 
1.2147635221481323 1.5438402891159058 
1.8616671562194824 0.5997786521911621 
2.089050054550171 0.19717255234718323 
1.4597941637039185 1.0076615810394287 
2.104318618774414 0.19057504832744598 
1.4086591005325317 1.0651298761367798 
1.1256271600723267 1.724268913269043 
1.494231104850769 0.9897428154945374 
1.9575893878936768 0.36791157722473145 
2.1640236377716064 0.18134737014770508 
1.802668571472168 0.7461187839508057 
1.1415560245513916 1.7003889083862305 
1.908586859703064 0.4803465008735657 
1.2030010223388672 1.5738259553909302 
1.3025842905044556 1.2998379468917847 
1.923333764076233 0.4445914626121521 
1.3886640071868896 1.0980861186981201 
1.947059988975525 0.3903716206550598 
2.0201337337493896 0.26019755005836487 
1.2303918600082397 1.502099633216858 
1.1548194885253906 1.6789087057113647 
1.260611653327942 1.418744683265686 
1.2391881942749023 1.4778566360473633 
1.9303172826766968 0.42816418409347534 
1.8134829998016357 0.7206659913063049 
2.0747437477111816 0.205487921833992 
1.9670426845550537 0.34870633482933044 
1.4768882989883423 0.9973536133766174 
2.009563446044922 0.274219274520874 
1.338758945465088 1.2049262523651123 
1.1914952993392944 1.6026828289031982 
1.196859359741211 1.5887224674224854 
1.2733277082443237 1.3823989629745483 
1.2804803848266602 1.3619858026504517 
1.379590630531311 1.114927887916565 
1.6911342144012451 0.936087429523468 
1.782446026802063 0.791111409664154 
1.9740772247314453 0.3350427746772766 
1.2957100868225098 1.318826675415039 
1.8550183773040771 0.6168864369392395 
1.3984317779541016 1.081201195716858 
1.6599128246307373 0.9610410332679749 
1.3545297384262085 1.1676340103149414 
2.0328617095947266 0.24424006044864655 
1.3308433294296265 1.2234059572219849 
1.2094182968139648 1.558855652809143 
1.2221300601959229 1.5257246494293213 
1.3621093034744263 1.1507991552352905 
1.432647705078125 1.0336742401123047 
1.2535672187805176 1.4387974739074707 
1.1855369806289673 1.6163816452026367 
1.3233884572982788 1.24256432056427 
1.2487164735794067 1.452528715133667 
1.2884211540222168 1.3394478559494019 
1.9008891582489014 0.4994877576828003 
1.3473294973373413 1.184295892715454 
1.1798765659332275 1.6289515495300293 
1.4196276664733887 1.0496654510498047 
