0.0 4.0 
0.2679491937160492 2.556400775909424 
1.9996870756149292 -1.1007068678736687E-7 
1.0704091787338257 1.261649250984192 
0.44348546862602234 2.3791146278381348 
0.5521611571311951 2.1202406883239746 
0.5375946164131165 2.169734477996826 
0.5225626230239868 2.2174923419952393 
0.48817387223243713 2.3085711002349854 
1.6987853050231934 0.37000104784965515 
1.5442910194396973 0.7118525505065918 
1.6563031673431396 0.47893819212913513 
1.2992507219314575 0.8137384057044983 
1.3269997835159302 0.8040874600410461 
0.31567084789276123 2.4322147369384766 
1.5626904964447021 0.6828328967094421 
1.0522215366363525 1.3124995231628418 
1.1235700845718384 1.1111499071121216 
1.579988718032837 0.6516759991645813 
1.3578237295150757 0.8003484010696411 
0.6908625960350037 1.6910338401794434 
1.4224469661712646 0.7983946204185486 
0.7284478545188904 1.6352578401565552 
0.7512885928153992 1.6158268451690674 
0.5063433647155762 2.264004945755005 
1.627200722694397 0.5502208471298218 
0.7085193395614624 1.660887598991394 
0.8719074130058289 1.5959117412567139 
0.33912602066993713 2.4086453914642334 
1.5963424444198608 0.6190299987792969 
1.6846622228622437 0.40636536478996277 
1.4521852731704712 0.791827917098999 
0.6318873763084412 1.8420671224594116 
1.3904682397842407 0.7999851703643799 
1.2518388032913208 0.8512027263641357 
1.7911479473114014 0.1560075581073761 
1.4788492918014526 0.779175877571106 
0.8992899656295776 1.5846294164657593 
0.7779262661933899 1.6040928363800049 
0.6051643490791321 1.9311107397079468 
0.659706175327301 1.7616688013076782 
1.670523762702942 0.44274529814720154 
1.774294376373291 0.18988004326820374 
0.4127241373062134 2.3971521854400635 
1.7581145763397217 0.22508490085601807 
1.1569557189941406 1.023855447769165 
0.8087465167045593 1.6001560688018799 
0.2166125625371933 2.8077199459075928 
1.017029881477356 1.4041147232055664 
1.0 1.4435988664627075 
1.52439284324646 0.738231897354126 
1.6418795585632324 0.5148597955703735 
0.6454196572303772 1.8011112213134766 
0.6182494759559631 1.8863592147827148 
1.9303525686264038 0.007001519203186035 
0.1892632097005844 2.960679531097412 
1.8743045330047607 0.03900875896215439 
1.963774561882019 0.0010025352239608765 
0.2075919359922409 2.858715295791626 
1.7277207374572754 0.2969666123390198 
1.502768635749817 0.7609573602676392 
0.9646930694580078 1.5120601654052734 
0.2355215698480606 2.7045860290527344 
1.6120108366012573 0.5851531624794006 
0.6746821403503418 1.7249764204025269 
0.2563000023365021 2.6042592525482178 
0.592056155204773 1.9774855375289917 
1.7428038120269775 0.26048073172569275 
0.22594590485095978 2.755845785140991 
0.982893168926239 1.4791948795318604 
0.9235764145851135 1.5658748149871826 
1.034387230873108 1.360352873802185 
1.9006541967391968 0.019827768206596375 
0.1985245794057846 2.9098057746887207 
1.274100422859192 0.8298641443252563 
1.1926367282867432 0.9438859224319458 
0.24556154012680054 2.6539549827575684 
0.37449416518211365 2.4000442028045654 
1.8095922470092773 0.12260525673627853 
0.8412207961082458 1.5998128652572632 
0.5788101553916931 2.02516508102417 
1.8291047811508179 0.09178222715854645 
1.2308799028396606 0.8779557943344116 
0.06150529533624649 3.243807315826416 
1.105847716331482 1.1606336832046509 
1.8507448434829712 0.06326630711555481 
0.565403938293457 2.073424816131592 
0.08245506882667542 3.2029483318328857 
1.1742844581604004 0.9829989671707153 
0.9449731111526489 1.5414453744888306 
1.0882831811904907 1.2106808423995972 
0.15698347985744476 3.110698938369751 
1.2104178667068481 0.9105125665664673 
0.4679526388645172 2.347543716430664 
0.1418842226266861 3.157573699951172 
0.16862493753433228 3.0632050037384033 
1.713154911994934 0.33335793018341064 
1.1399718523025513 1.067058801651001 
0.11968681216239929 3.1937332153320312 
0.1788392961025238 3.0148582458496094 
