0.0 1.4994936501744878 
1.4994936501744878 0.0 
0.6361428957550006 0.8633507551447294 
0.9164217444977681 0.5830719245648107 
0.22808732326427966 1.2714063278033603 
0.014843662055227833 1.4846502317812837 
1.0211245008286374 0.4783691493803118 
0.2436916571662199 1.2558019930089783 
0.25933044748834716 1.2401632026865403 
0.19689068997681144 1.3026031250307568 
0.2124836526757001 1.2870100090616716 
0.6216253969398695 0.8778682938737103 
0.10472517894945267 1.3947684819708392 
0.976298319916703 0.5231953303096544 
0.9912394831288786 0.5082541670468971 
0.84167459444406 0.657819249954176 
0.9613383267529505 0.5381555862845575 
0.8268137948467983 0.6726798557781736 
0.07449372872968463 1.4249999215429023 
0.05952298976428851 1.439970660417127 
0.029721676225635252 1.469771990304081 
0.6797190520715146 0.8197746300810378 
0.8565657657108847 0.642927979292903 
1.4519299614813328 0.047563692249554666 
0.901445243483763 0.5980484069279572 
1.051072326700746 0.44842174486755054 
0.6942860482260006 0.8052076019796178 
0.9314018824219592 0.5680917790938564 
0.5632936378885478 0.9362000428927905 
1.1565617997629916 0.34293194754735123 
1.3260244019327878 0.17346924845104372 
1.467779235592805 0.031714425135640587 
0.7088668129417361 0.7906268376502399 
0.3371840856101235 1.1623095646419912 
1.2483994682322148 0.2510942020670193 
1.3730617431524323 0.12643191462646142 
1.3887898335062687 0.1107038543641542 
1.1262977738781594 0.37319587706704505 
1.4836350057195002 0.015858644848406222 
0.08952006587313362 1.409973615423792 
0.4139477520889884 1.085545958184492 
0.7971291390391497 0.7023645426714895 
0.15054753202732893 1.348946118298238 
0.7675335671788628 0.7319601003660412 
0.6070359210103445 0.8924577324422766 
0.444233340561209 1.055260312166392 
1.404546394205467 0.0949472559952664 
1.00618294931473 0.49331070105182634 
0.7528140784480278 0.7466795740716506 
1.0660485695086617 0.4334450839679401 
0.8119410152835527 0.6875526349207335 
1.0810708295451694 0.4184228208920416 
0.7823395757807571 0.7171540743937307 
0.5339174666388001 0.9655761836798833 
0.16599742408670012 1.333496229915659 
1.3104381417961863 0.1890555121838351 
0.429093399970299 1.0704002913599342 
0.12002732642060851 1.3794665446770258 
0.3680496308826052 1.1314440194468696 
1.1111765419269346 0.38831713242514654 
0.3526173493869934 1.1468763149742351 
0.8715007568984892 0.6279928975988518 
0.04462571005220099 1.454867969224785 
1.0961065721693326 0.4033870780597782 
0.5778896982937103 0.9216039535838596 
0.18137291562620525 1.318120799547977 
0.6651774959194517 0.8343161547567236 
0.13530175657647564 1.3641919073159723 
0.7234924574416857 0.7760011965402898 
0.29055978885383377 1.208934048177051 
0.5486135711683546 0.9508800875006715 
0.2749621069858134 1.2245315432189168 
1.0360636011615945 0.46343006385502084 
0.3216825877797867 1.1778110635368984 
0.5191459634718076 0.9803481533728937 
1.2948647209126718 0.2046289342724302 
0.8864676947336301 0.6130260676366215 
1.420319462445716 0.07917418889987937 
1.2023450721272428 0.2971486199806793 
1.1870572943752429 0.31243635766473055 
0.3987096459849042 1.1007840042909691 
1.3573611004634676 0.1421326092524586 
0.4894556915290419 1.0100379629153637 
0.5043945871409362 0.9950990644739993 
0.30605395189158957 1.1934400940157226 
1.2639431148279576 0.23555057944334534 
0.6506580035542655 0.8488356521065004 
1.3416900638703337 0.15780358761053123 
0.4593233012822118 1.040170349255763 
0.4744143090795391 1.0250793410971246 
0.3833670909004311 1.1161265602546055 
1.2794039368002086 0.22008975440141637 
1.4361145234357335 0.06337912883241287 
1.1414459882283705 0.35804817798315264 
0.9463684060124056 0.553125244501766 
1.2176667656221627 0.28182688505712133 
0.5924498572072746 0.907043844823821 
1.1717362866326642 0.3277573658262184 
0.7381397315627602 0.7613539187299441 
1.2330520920149879 0.2664415697653716 
