0.0 4.0 
0.2679491937160492 2.556400775909424 
1.0847039222717285 1.2209163904190063 
1.0176165103912354 1.4026896953582764 
0.6087987422943115 1.91849684715271 
1.9997702836990356 -8.518691174685955E-8 
1.1487308740615845 1.0444241762161255 
1.0394575595855713 1.3470075130462646 
0.6204057931900024 1.8791791200637817 
0.6721967458724976 1.730721116065979 
1.183206558227539 0.9634170532226562 
1.165670394897461 1.0028642416000366 
1.1000289916992188 1.1771490573883057 
0.5519854426383972 2.120851993560791 
1.1329960823059082 1.0855642557144165 
0.49510282278060913 2.2925925254821777 
0.4203054904937744 2.3945913314819336 
0.6581401824951172 1.7657876014709473 
0.5864641070365906 1.9975600242614746 
0.52574622631073 2.207714557647705 
1.0 1.4435988664627075 
0.20923729240894318 2.849395513534546 
1.1173309087753296 1.128395915031433 
0.5398100018501282 2.162384510040283 
0.7246755361557007 1.6394542455673218 
1.0620962381362915 1.2850819826126099 
0.5974870324134827 1.9581303596496582 
0.45367735624313354 2.368004560470581 
0.6323587894439697 1.8405869007110596 
1.499900460243225 0.7635155916213989 
1.601837396621704 0.6074213981628418 
1.2817785739898682 0.8240948915481567 
0.2271794229745865 2.749110460281372 
0.5637952089309692 2.079174757003784 
1.61599600315094 0.5761728882789612 
0.20036157965660095 2.8995206356048584 
1.9144985675811768 0.012799277901649475 
0.21816127002239227 2.7990224361419678 
0.5110362768173218 2.2511510848999023 
0.2365022450685501 2.6994857788085938 
0.9825629591941833 1.479838490486145 
1.5871822834014893 0.6376796364784241 
0.6448797583580017 1.8026816844940186 
0.4771765470504761 2.331209897994995 
0.8037764430046082 1.6003570556640625 
0.868907630443573 1.596625566482544 
0.19133734703063965 2.949462413787842 
0.705238401889801 1.6659488677978516 
1.3067524433135986 0.8103766441345215 
1.7510395050048828 0.24121150374412537 
1.830083966255188 0.09036220610141754 
1.7655521631240845 0.20859792828559875 
1.8687183856964111 0.044132255017757416 
0.9225307703018188 1.56687331199646 
0.9447857141494751 1.5416929721832275 
1.4775310754776 0.7799808979034424 
0.5753699541091919 2.037583351135254 
0.08933210372924805 3.20047926902771 
1.57181978225708 0.6668410897254944 
1.6433099508285522 0.5113434195518494 
0.68793123960495 1.69673490524292 
0.24628914892673492 2.65043306350708 
1.4526423215866089 0.7916709780693054 
1.2591562271118164 0.8434062600135803 
1.8126894235610962 0.11739587783813477 
0.12284305691719055 3.190844774246216 
0.2566821873188019 2.6025853157043457 
0.7470314502716064 1.6187165975570679 
0.9644666910171509 1.512434720993042 
1.5384855270385742 0.7200919985771179 
1.9408460855484009 0.0043183863162994385 
1.519952654838562 0.743399977684021 
1.6963919401168823 0.3761492371559143 
1.8486624956130981 0.06574870645999908 
1.39519202709198 0.7999433279037476 
1.3643263578414917 0.8001359701156616 
1.2376983165740967 0.8685231804847717 
1.2005488872528076 0.928465723991394 
1.6699373722076416 0.44424816966056824 
1.6567060947418213 0.4779214859008789 
1.796250581741333 0.14636830985546112 
1.6831483840942383 0.41026827692985535 
1.5556278228759766 0.6944881081581116 
0.7733961939811707 1.605407953262329 
1.890489935874939 0.026282787322998047 
1.7805864810943604 0.17688055336475372 
0.1440650075674057 3.1519153118133545 
1.9695887565612793 5.940720438957214E-4 
1.7097303867340088 0.3420381247997284 
0.1590922772884369 3.1027770042419434 
1.4250719547271729 0.7980652451515198 
0.8976349830627441 1.5855859518051147 
1.6298023462295532 0.5440579652786255 
1.3342891931533813 0.80267333984375 
0.17089034616947174 3.052967071533203 
1.7370456457138062 0.2742408812046051 
1.7233293056488037 0.3078359067440033 
1.2186373472213745 0.8966709971427917 
0.8370444774627686 1.5999205112457275 
0.1813468337059021 3.0022101402282715 
