0.8724670296527117 3.9959784278890496 2.099999855923527 2.7999998968548643 3.5000000026855824 4.19999981623069 
4.39725687583062E-6 2.0575616334579291E-16 2.0999998566033966 2.7999998959469017 3.4999999516483524 4.199999817575889 
0.8724670296527117 3.9959784278890496 2.099999855923527 2.799999896725055 3.5000000027497054 4.19999981623069 
0.0049909721333362845 0.02737932702749936 2.099999856386792 2.799999946304601 3.499999952106309 4.199999817391069 
0.2618287895678347 7.133456828240734E-13 2.0999998776701987 2.7999999468320302 3.4999999571989653 4.199999817344886 
0.005569360127924583 6.329650644806839E-5 2.0999998607796515 2.799999948928962 3.499999956522443 4.19999981870729 
0.08089221032034866 0.011800317327941845 2.099999877643687 2.799999951004333 3.4999999615199315 4.199999818238941 
0.15758056801306441 4.1228995130073936E-12 2.0999998609468182 2.7999998936581543 3.4999999980013077 4.199999817726934 
3.473892697482514E-5 2.0575616334579291E-16 2.0999998776529685 2.7999999495579173 3.4999999534755606 4.199999817573333 
9.571407354098168E-5 0.0016412937237346575 2.099999855510335 2.799999888995115 3.4999999999659916 4.199999828817648 
2.9992029865316683E-4 3.656649421445687E-8 2.0999998275051244 2.799999948946578 3.4999999571989653 4.199999817344886 
2.545231809422655E-4 4.508537127913473E-12 2.0999998607822197 2.7999999471061012 3.499999956483237 4.199999817575889 
4.778261770073638E-6 1.5857028098370725E-7 2.0999998612674133 2.7999998984285965 3.499999951653963 4.199999817591587 
0.17101706873680378 3.3376829433855963E-10 2.0999998616463724 2.79999994686567 3.4999999970835804 4.199999827532382 
0.0047732645827207165 2.0575616334579291E-16 2.0999998608368564 2.7999998959469017 3.4999999535112964 4.199999817575889 
0.048341010346854 2.6334512952155785E-9 2.099999828389264 2.7999999489802176 3.4999999965180106 4.199999827532382 
0.005502334215565726 8.841674023081068E-12 2.0999998613045068 2.7999999489382508 3.4999999537915256 4.199999816142717 
0.1453217479160975 0.06557296696185877 2.0999998369793174 2.7999998877298875 3.500000005044972 4.199999815904725 
1.308906027116519E-4 0.00488620084564232 2.0999998618663818 2.7999998941087876 3.4999999972748492 4.199999818746332 
0.032462536525996885 0.32358823143579113 2.0999998759836975 2.7999998949718345 3.499999953499252 4.19999981692169 
4.401529031240968E-6 0.016332941968722925 2.0999998367350425 2.799999895965845 3.5000000141442644 4.19999982835168 
0.008411068866212817 1.2208270258638458 2.0999998618083655 2.7999998962618853 3.499999953506242 4.199999827837596 
5.470083096157166E-6 0.13866688796465076 2.0999998319526054 2.799999890490564 3.4999999610770858 4.199999816257754 
0.007056781358565149 1.4442858292776976E-12 2.0999998757409193 2.7999999460503466 3.4999999537851227 4.19999981827041 
4.2077608095670834E-5 3.8496089884389235 2.099999862859579 2.7999999467989056 3.4999999535893878 4.19999981827041 
0.006842349336875683 0.11773283201711712 2.099999861859903 2.799999947411456 3.499999996768057 4.199999816276164 
0.02070097930413528 1.5612710094098257E-14 2.099999875742823 2.7999998986311243 3.4999999517005693 4.19999981827041 
4.3925894372642826E-4 1.4642978281948115E-9 2.0999998612249273 2.7999998942211985 3.499999952667788 4.199999828504358 
0.008335706788847208 8.854701087675065E-4 2.099999831099254 2.7999998951843597 3.4999999534971944 4.199999818300245 
0.0049909721333362845 3.280779561549811E-5 2.0999998607419186 2.7999999462803826 3.4999999564971134 4.199999817391069 
0.15758056801306441 4.1228995130073936E-12 2.099999856158028 2.7999998936581543 3.4999999980013077 4.199999817740392 
5.255720789603541E-5 0.06783985984700946 2.0999998319526054 2.799999890490564 3.4999999610770858 4.1999998162877965 
0.040227616886481354 3.9452009915954793 2.099999864692564 2.7999998931324215 3.499999955617319 4.199999828135548 
0.3732014215451527 4.534354048874173E-4 2.0999998369793174 2.7999998877298875 3.500000005044972 4.199999815904725 
3.419587682852807E-5 0.029706831154582752 2.0999998786947627 2.79999989467758 3.49999995355989 4.199999827757132 
0.03225838518674999 0.07029374566134616 2.0999998774976865 2.7999999480812905 3.499999953499252 4.1999998278134285 
0.03280126975520738 2.0575616334579291E-16 2.099999856530628 2.7999999495579173 3.499999953511845 4.199999817376491 
0.30478268336487313 3.618773603517146E-8 2.099999826806343 2.7999999489802176 3.499999998193501 4.199999817436726 
6.358645976523703E-5 3.8496089884389235 2.099999862839906 2.7999999467982577 3.4999999535893878 4.19999981827041 
1.876419166858185E-4 8.841674023081068E-12 2.09999986131127 2.7999999471483603 3.4999999537915256 4.199999817585709 
4.778261770073638E-6 5.205430785428786E-8 2.0999998263665414 2.799999898095606 3.499999951370081 4.199999817498026 
0.005197232861734432 5.1337961801725575E-8 2.099999826806343 2.7999999489855414 3.4999999566264006 4.199999827674866 
4.19585806718417E-4 1.4442858292776976E-12 2.0999998757409193 2.7999999460503466 3.4999999537851227 4.19999981827041 
0.005569360127924583 3.6364674810384006E-10 2.099999860786028 2.799999948928962 3.499999956522443 4.199999816262988 
9.536073974111604E-4 4.878471743020701E-8 2.099999826806343 2.7999999489855414 3.4999999565598583 4.199999827674866 
0.4589367149541811 2.0575616334579291E-16 2.099999862224201 2.7999998988443107 3.4999999517005693 4.19999981827041 
0.0010344999504119713 1.4531949756700438E-9 2.09999986176724 2.799999945366158 3.500000002277762 4.199999816309838 
0.052047909572676715 2.584928072939217E-12 2.0999998769035186 2.7999998907170482 3.499999953533203 4.199999827822591 
1.47282976594958E-4 0.09372509969544218 2.099999830629565 2.799999896242639 3.499999956517279 4.19999981822488 
9.231386249979773E-4 2.4063052077837217E-5 2.099999830629565 2.7999998961572445 3.4999999535905437 4.199999818279997 
2.9992029865316683E-4 2.1441703254249648E-13 2.0999998612494792 2.7999999468320302 3.4999999571989653 4.199999817344886 
0.048341010346854 3.618773603517146E-8 2.099999827902017 2.799999948985431 3.4999999620637365 4.199999827532382 
2.4206373565005025E-5 3.035888639211724E-8 2.099999856532958 2.7999998959469017 3.499999953473134 4.199999827406984 
0.15700510460705602 2.0575616334579291E-16 2.099999878446088 2.799999892981627 3.4999999535112964 4.19999981739778 
4.3433757343942E-4 2.0575616334579291E-16 2.099999856526541 2.7999998959469017 3.4999999530612005 4.199999817575889 
0.033332708667378974 1.0463254481519035 2.0999998566396307 2.7999998952874074 3.499999948253013 4.1999998170934285 
0.8724670296527117 3.8515971409661316 2.0999998630996584 2.7999998968548643 3.5000000026855824 4.1999998182715865 
0.32247874790493897 1.4531949756700438E-9 2.0999998266696207 2.799999945366158 3.500000002220062 4.199999816309838 
3.419587682852807E-5 0.10434110931728857 2.0999998786947627 2.7999998988418295 3.49999995355989 4.199999827757132 
0.17102775362295325 3.8609656018921403 2.0999998613241826 2.7999998985388066 3.5000000043955986 4.19999981630838 
4.3433757343942E-4 2.0575616334579291E-16 2.099999856526541 2.7999998959469017 3.4999999535061033 4.199999817575889 
5.127344897114993E-6 2.0575616334579291E-16 2.0999998774805273 2.7999999495579173 3.4999999534771558 4.199999817376491 
0.2124635371976979 0.01132915721288499 2.099999877503404 2.7999998959477117 3.4999999546308795 4.199999817699118 
0.11269909409811169 1.0381020104603627 2.0999998566396307 2.7999998952874074 3.499999948253013 4.1999998170934285 
0.002515319203651086 1.2738504446406124E-7 2.099999861707215 2.7999999493185315 3.499999956910283 4.199999827768427 
0.02070097930413528 2.0575616334579291E-16 2.0999998773699033 2.7999998986311243 3.4999999517005693 4.19999981827041 
0.001874340055738847 2.5975665092587443E-12 2.0999998610843784 2.799999946752269 3.4999999537921123 4.199999817693725 
4.3783696143960717E-4 1.5257328770382856E-7 2.0999998612676842 2.7999998984285965 3.4999999516428786 4.199999817591587 
4.39725687583062E-6 3.8048622856602756E-10 2.0999998566033966 2.7999998959469017 3.4999999516483524 4.199999817564613 
1.47282976594958E-4 0.09372509969544218 2.0999998623745784 2.7999998970598967 3.4999999989081987 4.199999818222359 
0.17102775362295325 3.822255788680756 2.099999861765786 2.7999998996043765 3.500000001898421 4.199999816308939 
0.003983426024203207 3.8515971409661316 2.0999998630996584 2.7999998968401236 3.5000000026855824 4.1999998182715865 
0.038362685517509584 0.00488620084564232 2.0999998617800464 2.79999994678014 3.4999999972748492 4.199999818746332 
0.29911964508195027 8.656749222688128E-12 2.0999998613045068 2.7999999489382508 3.4999999537915256 4.199999816142717 
7.64067464002668E-4 2.059164838594412E-13 2.0999998613045068 2.799999949417552 3.4999999537915256 4.199999818283617 
9.500652726704018E-4 8.854701087675065E-4 2.099999830629565 2.7999998961572445 3.4999999535917214 4.199999818279997 
0.48331972015528796 2.485139669678078E-12 2.0999998764649064 2.7999998949718345 3.4999999556520045 4.199999817825718 
5.878400025831863E-5 0.03035152030677747 2.099999831282778 2.7999998961572445 3.499999953556358 4.199999827567213 
0.0532841265995013 0.3495181017053925 2.099999860709821 2.7999999481618367 3.4999999990461115 4.199999828665138 
9.231386249979773E-4 2.4063052077837217E-5 2.099999830629565 2.7999998961105192 3.4999999534395467 4.1999998182354945 
0.5663062940286153 0.02526314524289991 2.099999861319204 2.7999998951850213 3.499999953499252 4.199999827837596 
0.032462536525996885 0.04375628789833649 2.0999998759922067 2.7999998949718345 3.499999953499252 4.199999827837596 
0.03280126975520738 0.02737932702749936 2.099999856386792 2.799999946304601 3.4999999521320406 4.199999817391069 
2.8990384935036976E-5 1.2744089428310596E-10 2.099999856332284 2.799999945625077 3.4999999536275785 4.199999816253237 
0.17225810295064076 2.0575616334579291E-16 2.0999998613050574 2.799999893085935 3.4999999535112964 4.199999817575889 
0.007033416068087562 3.421163001647966E-6 2.0999998764578427 2.799999888995115 3.4999999528053087 4.199999828817648 
0.0013757042699101682 0.0032796717987680774 2.0999998618535263 2.7999998865838456 3.499999955964285 4.199999816706099 
4.114169047954037E-5 5.640090230214478E-12 2.09999986176724 2.7999999470738848 3.4999999572978653 4.199999816197565 
7.4077915833623E-6 5.478881285804515E-10 2.0999998333306826 2.7999998931324215 3.4999999526096337 4.199999827826052 
0.0532841265995013 0.3495181017053925 2.099999832724602 2.7999999507991777 3.4999999990461115 4.199999828665138 
0.8835319342963428 3.421091979487746E-8 2.0999998559933997 2.7999999491087477 3.4999999567740097 4.199999827674866 
9.500652726704018E-4 8.854701087675065E-4 2.0999998333305285 2.799999896229493 3.4999999525764465 4.199999818279997 
0.47078036823340574 2.5902844139162898E-12 2.099999862224201 2.7999998989077985 3.49999995561261 4.199999817576466 
0.04055914426578952 3.593879575314839E-10 2.09999985362559 2.799999894514812 3.500000002903103 4.199999816262988 
0.05044029909309024 0.03035152030677747 2.0999998312323913 2.7999999412922887 3.499999953556358 4.199999827563648 
5.470083096157166E-6 0.30017454537316934 2.0999998319526054 2.799999890490564 3.499999961135778 4.199999816703072 
0.022361617095176742 3.9452009915954793 2.099999832387034 2.7999998931324215 3.499999955617319 4.199999827887314 
0.14899892475619536 1.0024004802859065E-11 2.0999998610596005 2.799999950334086 3.4999999535112964 4.199999817575889 
0.031882926913664816 1.5319636058520395E-5 2.099999876309086 2.799999948156341 3.4999999960269665 4.199999817203936 
4.114169047954037E-5 5.640090230214478E-12 2.09999986176724 2.7999999496016397 3.5000000018855637 4.199999816197565 
