0.575882263977991 0.578068566073185 0.577494599130776 
-0.5763633093245132 -0.578613322305324 -0.5787977648625467 
-0.5763633093245132 -0.578613322305324 -0.5787977648625467 
0.575882263977991 0.578068566073185 0.577494599130776 
0.05558385298470328 0.11087093752294541 0.05412842598075232 
0.29710454392376917 0.2718728632952611 0.33409987551483145 
-0.048817949735511484 -0.028510833356491017 -0.04856608168948441 
0.4079590546738194 0.38887811231948466 0.4115513079816498 
0.14931616951918514 0.28530684378738463 0.26684483456224306 
-0.05250407323752665 -0.03386562457090837 -0.08352955731232616 
0.41279443245199 0.2827895865987188 0.3258801279488418 
-0.42554336263814924 -0.5686323007251002 -0.4920490228459985 
0.14147350092021616 0.2278556356676432 0.124289682829198 
0.024000367950043372 0.04862557381175381 0.10299003973755715 
0.29038217409981093 0.2705672298203705 0.2848677338809643 
0.11011794031531151 0.04631931039730211 0.14256559214034126 
-0.19585121195624092 -0.1772017625137542 -0.20282304417487898 
-0.22524219555855543 -0.24030585829052697 -0.26581558572654024 
-0.4232387998634761 -0.5333071706743557 -0.3988864200250771 
0.25382068654905654 0.3011177888122862 0.22555462856791708 
0.25293762101373063 0.17552011864489525 0.21236695428779642 
-0.3324861120065963 -0.3156187205759258 -0.2982807997486623 
0.41279443245199 0.389303748802781 0.3430840716487581 
0.14147350092021616 0.12107405133891264 0.14654829722358254 
0.034367992912471335 0.12929186408277266 0.1815699703766973 
0.44721469199925457 0.578068566073185 0.577494599130776 
-0.35322239545202566 -0.41612497354683775 -0.48237243089485016 
0.1370049788857522 0.12455603633334897 2.01044592456439E-4 
0.4011547085742069 0.4178646759317427 0.2545970547907419 
0.11055388246483722 0.12107405133891264 0.14654829722358254 
-0.4638599394505156 -0.5293592012747883 -0.5568713120293121 
-0.29724877922408205 -0.21644604682725127 -0.27640650222967855 
-0.42646222341752343 -0.3599068474186796 -0.3037112960175895 
0.03543721096473394 -0.028510833356491017 -0.04856608168948441 
0.016394103408889332 0.052250552575864695 -0.005608689102725495 
-0.42729810461772544 -0.31686315722352315 -0.3037752120227788 
0.006612532770885332 0.05539323815517305 0.03035700583771453 
0.034367992912471335 -0.041616600925423367 -0.06527807339315006 
-0.19585121195624092 -0.23648528937702284 -0.19145570431160303 
0.29710454392376917 0.31979462623901184 0.3357779684882107 
-0.014582980671207724 -0.024394901008643763 0.03208386257924281 
-0.09826964852841313 -0.10750471479540177 -0.11818441837465454 
-0.04013690658104155 -0.19577854896304758 -0.1802218037371002 
-0.07989161669584692 0.017594328559615846 -0.15388170258539133 
0.3988890080279972 0.46510056841179925 0.4115513079816498 
-0.4232387998634761 -0.43417913404034 -0.43274068704664526 
-0.09826964852841313 -0.29220003149329954 -0.11818441837465454 
-0.37975772932492097 -0.325165182313543 -0.303554007851788 
-0.19703242104969446 -0.232237530322437 -0.22231553619019306 
0.575882263977991 0.475177390468291 0.42922202930089015 
0.19240990658425344 0.1778991797606425 0.08474325632820837 
0.15515983085655963 0.168938242987126 0.19692465574645052 
-0.014017888885640956 -0.05273281258022036 -0.036077223533187056 
-0.12271423446255071 -0.2205673654134289 -0.18795867907229297 
-0.04013690658104155 -0.173560111949722 -0.1802218037371002 
0.575882263977991 0.3431071084084387 0.5052118750592769 
-0.30065074917572 -0.31743521352142523 -0.303554007851788 
-0.16557273814289808 -0.162517456996582 -0.11818441837465454 
0.016399405056336976 0.03644310023406098 -0.006294489445663111 
0.05558385298470328 0.07090139773161841 1.452325582621799E-4 
-0.42729810461772544 -0.31686315722352315 -0.39081911026186095 
0.14147350092021616 0.16007804599490605 0.13467099720725645 
-0.19703242104969446 -0.2764680181811199 -0.22231553619019306 
0.3027481632911762 0.31979462623901184 0.321727460494985 
-0.27264147753539597 -0.31743521352142523 -0.303554007851788 
-0.19703242104969446 -0.2518117891767975 -0.22231553619019306 
0.25293762101373063 0.2946117828912169 0.19401455265577705 
-0.3165577164486233 -0.23872432228108653 -0.2845032710695044 
0.44742706432688223 0.5737105479078672 0.4207897749445633 
-0.29724877922408205 -0.24253351616441518 -0.27640650222967855 
-0.12595602689556332 -0.173560111949722 -0.17993648072693239 
0.3610766528034198 0.389303748802781 0.3433127023204364 
-0.09002032005608397 -0.0714579831105473 -0.10980725167567004 
0.2324422446076851 0.29390416817645987 0.19328411717892469 
-0.12124721583722825 -0.11913469419493257 -0.11818441837465454 
-0.12628590808852022 -0.034443101173356916 -0.08352955731232616 
-0.12271423446255071 -0.2205673654134289 -0.18795867907229297 
-0.030691278991399784 0.052250552575864695 -0.0029128067173710137 
0.1896091361055978 0.18406339088758622 0.18171942947414355 
0.2105841513069721 0.1778991797606425 0.14644136129539365 
0.25382068654905654 0.30068465557775437 0.25694277556634293 
-0.29724877922408205 -0.21644604682725127 -0.20351906868766945 
-0.014017888885640956 -0.0241718854512587 -0.048325003304688224 
-0.42729810461772544 -0.31686315722352315 -0.4577720782696492 
-0.09015672155706493 -0.028081691113148427 -0.16671192811225094 
-0.12116225033637558 -0.0714579831105473 -0.10980725167567004 
0.05558385298470328 0.09514323809626557 1.452325582621799E-4 
0.2528666722184143 0.1778991797606425 0.19693688346707883 
0.017807240433607985 -0.10460048346234198 -0.10596345372823915 
0.41279443245199 0.4046092188966568 0.49351088123225917 
-0.12154847343048855 -0.11913469419493257 -0.11818441837465454 
0.25382068654905654 0.24078369700840535 0.10951888327285186 
0.014720878281102863 0.038910466368208135 -0.028035939398235663 
-0.42729810461772544 -0.31686315722352315 -0.4577720782696492 
-0.09628355402463462 -0.034257213983699186 -0.11727812548216368 
0.30824389429920207 0.23059129647485976 0.28193572871619743 
-0.42729810461772544 -0.31686315722352315 -0.37969802666637825 
-0.27264147753539597 -0.2853462356618036 -0.303554007851788 
-0.16557273814289808 -0.162517456996582 -0.11818441837465454 
0.1730323652127056 0.2705672298203705 0.16546749198759578 
