2.0793865262778318E-4 0.1267256867914633 2.0999998637132364 2.8002007613420474 3.5000000566009537 4.199999664147093 
1.3404950065041443E-4 5.291384009705196E-6 2.099999964396739 2.800179544424126 3.5000000565547196 4.199999663608243 
0.0012571612306000145 4.0519164320017246E-11 2.0999999099346947 2.8001992340299307 3.500000056375313 4.1999996641597095 
2.9637021768492034E-4 3.0385544004087904E-10 2.0999998593542735 2.800200760893866 3.500000056373247 4.199999664176242 
0.29029054745963845 3.70323413114445 2.0999998650873244 2.800180374463997 3.5000000567630916 4.199999664506247 
1.412934280211564E-4 1.0216286223196924E-4 2.0999998637220263 2.800199184712167 3.500000056785039 4.199999692518961 
0.02384303676072519 3.1290561390370395E-6 2.0999998640339617 2.8001992539045473 3.5000000565905736 4.199999663574665 
0.15971396420873785 4.23874212482353E-5 2.099999967897469 2.8001819243780868 3.5000000565902454 4.199999663598957 
0.010014273932800244 0.0023180506337077827 2.099999865501685 2.8001830082620254 3.5000000567733793 4.19999966418097 
6.035932812385828E-5 2.4611103138131498E-5 2.0999998635945323 2.8001819773522314 3.500000056594492 4.199999664014888 
0.004929551411183342 0.03375650918134249 2.0999998637659822 2.8002009378252977 3.5000000570842422 4.199999665748032 
0.12686498764255308 0.8423197371410517 2.099999863712608 2.800200744970924 3.50000005660402 4.199999664147905 
0.0010144370611109201 0.12076949832770947 2.099999861233616 2.8002007598494916 3.5000000565893528 4.199999663574665 
0.33050793283322405 0.01222338878868267 2.0999998629166954 2.8002007961964788 3.5000000567801055 4.199999661150904 
0.004929551411183342 0.005707299064830529 2.0999998637659822 2.8002007615582265 3.5000000570856407 4.199999664147093 
0.08232674775815155 3.0790629333042044E-4 2.099999863758985 2.8002018491846594 3.500000056605871 4.199999668993371 
0.009931023685638104 0.02839507195634111 2.099999902518394 2.800183004602548 3.50000005665704 4.199999663595376 
0.006271468447874323 0.5173090771228517 2.0999998463251144 2.800200761564999 3.5000000565910256 4.199999661388958 
0.013663764666012487 0.11635411713815969 2.0999998637554196 2.8002010614367205 3.5000000566527816 4.199999663807969 
0.01729950286951559 0.008825371529161876 2.0999998646335447 2.8001827684904517 3.50000005659449 4.199999663601996 
0.3425581166414161 4.156130608414145E-6 2.099999864027967 2.8001992983416217 3.5000000567798586 4.199999663610783 
0.1433379389148271 0.16319183838753815 2.0999998637659676 2.8002007609209087 3.5000000570895025 4.199999661225423 
0.27682479190434933 1.0604156883030347E-4 2.0999999640587426 2.8002007620204656 3.5000000567474947 4.199999663608692 
0.01305450567655257 1.689830715032617E-5 2.099999863758945 2.8002007506647564 3.5000000491319567 4.199999668993371 
0.3308881026985129 0.36332410079628197 2.0999998463251144 2.800200761564999 3.5000000564603035 4.199999661388958 
0.013766789255046041 0.028546952347805965 2.0999998639986663 2.800200759971719 3.5000000566590788 4.199999664154106 
0.1272721124948925 3.029686734154118E-4 2.099999864499735 2.800183406121847 3.500000056655118 4.199999663446282 
0.14535426923589517 0.0023180506337077827 2.099999865445302 2.8002007620204656 3.5000000567764906 4.199999664151256 
0.23563266781225262 0.001457787366133667 2.099999875946705 2.8001822957618328 3.500000056587575 4.199999663668381 
0.01036395253310013 2.568392924065235E-4 2.0999998637705066 2.8002007598494916 3.5000000565896183 4.199999663574665 
0.17952999492347854 2.380664451020693E-10 2.0999998637658033 2.800200762003246 3.5000000567088767 4.199999663601317 
0.12686498764255308 3.5571784148242154 2.0999998637477395 2.80019934569275 3.5000000566521448 4.199999669181221 
1.412934280211564E-4 5.2663070083372494E-12 2.0999998637220263 2.800199184712167 3.500000056785039 4.19999969074336 
5.9728337516623626E-5 7.781506005050095E-7 2.0999998637670783 2.8002001334544655 3.500000056594492 4.199999664014888 
0.011375567014965282 0.0014258737778797075 2.0999999654304533 2.800181828228685 3.5000000565887115 4.1999996636685495 
0.01305450567655257 3.0790629333042044E-4 2.099999863758945 2.8002018491846594 3.500000056590465 4.199999668993371 
0.0017492364055369577 7.181528617447935E-10 2.0999998635893657 2.8001835688672276 3.5000000571440975 4.199999665814521 
0.0015684573114057732 0.0013131012261236924 2.0999998667794055 2.800200759626149 3.500000056585392 4.199999663623467 
0.0016020419911194628 0.007156495819854674 2.099999902518394 2.800183004602548 3.5000000565908103 4.199999663601121 
0.017299229999227783 1.1174822255416549E-10 2.099999966423195 2.8001819773522314 3.500000056594492 4.199999663598957 
3.2884907990653466E-4 0.03231172840506153 2.0999998647300213 2.8001831446410432 3.500000056594448 4.199999663601323 
0.014711458724041337 6.891564785462575E-5 2.0999998637659822 2.800200760842756 3.5000000570856407 4.199999664147093 
4.2791099683998094E-4 2.3384992193441812E-11 2.0999998636862007 2.800182219717486 3.500000056591267 4.199999664013444 
0.36210929486872195 0.0025845723786340827 2.099999863798189 2.8002007703246226 3.500000056707939 4.199999663807969 
0.029300535193384776 3.3519660236441933 2.0999998637861452 2.800181982897305 3.5000000566527816 4.19999966912242 
0.16551354056162054 9.273271615933893E-9 2.0999998644982516 2.8001824229924885 3.500000056553009 4.199999720246257 
0.05209859451824092 3.70323413114445 2.0999998650873244 2.8001806242425706 3.500000056764554 4.199999664507301 
0.1305104680139252 1.4759412373572902E-9 2.099999863765803 2.8002007620356935 3.5000000492461445 4.199999663601285 
6.555789194093631E-5 1.242371367006201E-12 2.0999999639985223 2.8002007609164403 3.5000000564220324 4.19999966360854 
8.479007331946351E-4 9.391021858476871E-7 2.0999998636904356 2.800200761019824 3.5000000565912535 4.19999966413322 
0.011251875823785257 0.2020003656530115 2.099999864391294 2.8002007677921377 3.5000000565723792 4.199999663599822 
0.9216240344932408 3.894954221502159 2.099999875946705 2.8001822957618328 3.500000056587575 4.19999966363095 
0.052529156324963244 0.0014175521328900769 2.099999863143777 2.8002007618602636 3.5000000567704945 4.199999663678399 
1.3373031762478756E-4 1.6627242842373784E-12 2.0999999628982007 2.8001823343670433 3.5000000485209446 4.199999663608501 
0.5767496628754137 0.007307188324525554 2.099999902518394 2.800200770199103 3.5000000566553044 4.199999663573738 
5.517064184019937E-5 5.60355411729812E-11 2.0999998623831932 2.80018362738081 3.50000005659694 4.19999966593756 
0.040117532491654964 4.1712680231256E-11 2.0999999671147123 2.800200760872057 3.500000056600816 4.1999996641685495 
0.004442526589156615 0.13064235195150875 2.0999999012215587 2.8002007593346954 3.5000000485287828 4.19999966361876 
0.01305450567655257 3.405222983709801E-9 2.0999998635904054 2.8002018491846594 3.50000005660171 4.199999668993371 
0.16470545407538373 0.0402303137259338 2.0999999661074877 2.800200740189114 3.5000000564279055 4.199999663840201 
0.39933534147567507 0.1690188224620793 2.0999999100622357 2.800200772126606 3.50000005643285 4.199999663407021 
3.176516339991385E-4 5.842567028774317E-11 2.0999998637587676 2.8001818137854264 3.5000000565531924 4.199999663546622 
1.966722113924005E-4 2.366444404054416E-12 2.0999998637659822 2.800200760864413 3.5000000570856407 4.199999664147093 
3.2884907990653466E-4 2.1176502395864795E-10 2.0999998637658033 2.8002007608746844 3.500000056591212 4.19999966360217 
3.8446993984565407E-4 7.575181081004336E-11 2.0999998634724193 2.800181775060798 3.5000000565954585 4.19999966413752 
0.0017883998120753414 0.23889868116603158 2.0999998628115684 2.800201052565959 3.5000000564835214 4.199999663623452 
1.61017361998242E-4 0.034186666213030105 2.0999998641170623 2.8002007604506094 3.50000005659706 4.199999668899396 
0.013834976463758478 3.3519660236441933 2.0999998637861452 2.8001821605873243 3.5000000566527816 4.19999966912242 
0.011513880738103027 0.2541043091242881 2.0999998581135944 2.800200743103553 3.5000000567317473 4.199999663816121 
0.30065584925705413 1.145298428088067E-8 2.099999864035145 2.8002007609753665 3.5000000492502346 4.199999664118701 
0.7646715165749536 0.09255208647320581 2.099999862328388 2.8001836216899734 3.50000005658161 4.199999668957196 
0.036699242190360505 2.1247433229121903E-10 2.0999998637658033 2.8002007608746844 3.500000056591212 4.19999966360217 
0.003360835737590495 1.6627242842373784E-12 2.0999998637132364 2.8002007613544104 3.5000000485209446 4.199999664170145 
2.8068222610518057E-4 1.381805961681551E-11 2.099999966423195 2.8001819243780868 3.500000056590389 4.199999663598957 
0.006193864719236691 4.662409224629712E-11 2.0999998637132364 2.8002007613420474 3.5000000566009537 4.1999997229525 
0.1549276195246037 5.2663070083372494E-12 2.0999999115002317 2.8002007608950645 3.500000056796986 4.199999661275099 
0.3683258547623814 2.0575714073029406E-10 2.099999863765765 2.800200760452647 3.5000000565911975 4.19999966413752 
0.002119005094242274 3.0796659775219557E-4 2.099999863755461 2.8002007598494916 3.500000056590582 4.199999663574665 
0.1405465826731241 4.57326381800161E-4 2.0999998632385646 2.800200761611432 3.500000056600971 4.199999722497214 
0.27682479190434933 0.0623041570029908 2.09999996892907 2.8002007620204656 3.500000049313007 4.199999663719022 
0.012197855123960571 7.575181081004336E-11 2.0999998634723345 2.800199258349683 3.5000000565563676 4.19999966413752 
0.31430545831690104 0.002321655797433847 2.099999861190665 2.8002007604387034 3.5000000571212757 4.1999996611806445 
0.598977128279347 3.087583830740015E-10 2.099999902375618 2.8002007694761275 3.5000000565910385 4.199999663618578 
0.6482064060503689 4.156130608414145E-6 2.099999864027967 2.800199298305433 3.5000000565910385 4.199999663610783 
0.0017492364055369577 3.405222983709801E-9 2.0999998635904054 2.800200760975388 3.50000005659134 4.199999663618099 
0.16393740440851948 0.36643356155841467 2.0999998643183986 2.8002007580093027 3.5000000560985507 4.199999663944209 
0.026620358164898106 1.9567575414530912E-10 2.099999966423195 2.8001819773522314 3.5000000565898435 4.199999664031134 
1.1325796222861608E-4 4.5420637737048075E-11 2.0999999671147123 2.800200760871975 3.50000005659694 4.199999668972859 
2.0793865262778318E-4 5.316108541529004E-11 2.0999998637132364 2.8002007613420474 3.5000000566009537 4.199999664147093 
0.37364689191514733 9.719597151718084E-11 2.0999998627775964 2.800200763120528 3.500000049487916 4.199999663910322 
2.44996189834781E-4 2.211278330540959E-7 2.09999986354064 2.80020076045395 3.500000056591262 4.199999664013444 
2.0789290865889064E-4 2.1247433229121903E-10 2.0999998637658033 2.8002007608746844 3.500000056591212 4.19999966360217 
6.0433891886112635E-5 2.339057069717813E-11 2.099999863765792 2.80020076045395 3.500000056591262 4.199999664013444 
0.017299229999227783 1.9567575414530912E-10 2.099999966423195 2.8001819773522314 3.500000056594492 4.199999663598957 
2.1539244856928793E-4 1.6810985126329482E-10 2.099999863765792 2.80020076045395 3.5000000565911984 4.199999664122388 
0.0021034301284000453 1.9567575414530912E-10 2.099999966423195 2.800200760872001 3.500000056594492 4.199999663598957 
0.0012885587080795832 0.13066860733582764 2.099999863558877 2.8002007594158287 3.5000000485206977 4.199999663602096 
0.08187105498505655 1.6745817501862872E-10 2.0999998637658157 2.800200760452647 3.500000056591211 4.199999663684929 
2.3551360117453346E-5 3.395901437430436E-11 2.0999998635958397 2.8002007609209087 3.5000000565912117 4.199999663618816 
0.1682919836749587 1.8967933036257864E-9 2.099999864461627 2.8002007809376384 3.5000000565741205 4.199999723939288 
