0.0 0.0 0.0 0.0 0.0 0.0 0.0 0.0 
-1.0615412268703337 -1.4970667897757826E-5 -2.3126964615609227E-5 1.9838992501654967E-5 -0.9075439913806713 -1.0097247384529142 -1.0691764813455824 -1.1125254400274303 
0.0 0.0 0.0 0.0 0.0 0.0 0.0 -0.7966815227924977 
-1.1075459942056283 -0.004519929602899644 0.0035299221956008953 0.0024714185487809924 -0.992226972035733 -1.0461679652618683 -1.1008108196397814 -1.1126905972528132 
-1.1187192330067948 -1.0870018938690695 -1.128284516202046 -1.1095712760470675 0.0011612480871392647 -1.0672026178705707 -1.1078757109649908 -1.0952665943343236 
-1.0962708213311314 -0.010399498372492433 -0.003003483185748057 -0.002330545368535608 -1.0292058924894556 -1.0538931358582677 -1.1019556089703875 -1.1549972388189869 
-1.0946329993180155 -0.9795472035417554 -0.002542498295097069 -0.0025085527839471353 0.021459060752438253 -0.9154011126157344 -1.0330233449882258 -1.104226124076086 
-1.0799652744415056 -1.014131827450591 9.49563842768817E-4 3.41163130775448E-4 -0.002181322184258483 -0.9558068254492383 -1.0395196044709194 -1.1207153775225174 
0.0 0.0 0.0 0.0 0.0 0.0 0.0 -1.0561382549887468 
-0.8706202744366535 0.0 0.0 0.0 0.0 0.0 0.0 -0.9660247414349219 
-1.0672212975781743 0.002402490637051738 0.0026932479316628954 0.0024723600477431773 -0.002722958207353271 -6.77997726769311E-4 -0.841395530704784 -1.1019547223683797 
-1.0914050790414347 -1.023663803238645 -1.052469280857801 -1.0318640868423956 -0.9789677069136626 -1.0239958061003689 -1.0614205938150032 -1.0733781880357298 
-1.1130328014853212 -1.0448310996670185 -1.0334715683105533 -1.0168873361726642 0.00333801169859172 -0.9821298335122544 -1.0581571190532983 -1.0800171587916576 
-1.0717000871461007 -0.9657632259299453 0.0014738051297725346 0.001410407478935595 0.0012573410508079919 -0.8796148744607681 -1.0134768185698162 -1.0921457525142495 
-1.1091029826947665 -0.0015836075123589893 -0.001762369060151505 -0.002170111005642565 8.859417180696084E-4 0.0030841356886999304 -0.6104085415050333 -1.1117187195121303 
-0.9311541795124454 0.0 0.0 0.0 0.0 0.0 0.0 -0.9565296154565326 
-1.0449755597240724 0.002125597255390854 0.0018718971843875165 0.002008727486432327 0.002694945023994033 -0.8801723293515984 -1.0163889876896917 -1.060064414457989 
-1.1425576263566017 0.0 0.0 0.0 0.0 0.0 -0.5139529470987076 -1.1298887062372052 
-1.1204538469234953 -1.0624908205550496 -1.0516901167840427 -1.0350636991231414 -0.008560986806353588 -0.9644502770734373 -1.0648912666597106 -1.1187556789218847 
-1.151636743165205 0.0 0.0 0.0 0.0 0.0 0.0 0.0 
-0.9962030423134085 0.0 0.0 0.0 0.0 0.0 0.0 0.0 
-0.9455744267981225 0.0 0.0 0.0 0.0 0.0 0.0 0.0 
-1.0762720350849164 -1.0087955722286097 -0.9980704930050723 -0.9735316133925951 -1.0376806404679775 -1.0138711752917189 -1.0324971870093809 -1.092711400630386 
-1.1368635874803776 0.0041868077397968495 -6.066332149110565E-4 5.00816180082686E-4 -1.1119444597773644 -1.0908853759852075 -1.1466304936307434 -1.1629888971880364 
-1.066819593354733 0.002199663466393914 -5.339210030959017E-4 -6.007216530017588E-4 0.003035973166209332 -0.9844445830720607 -0.9992473620155439 -1.1121643341863297 
-0.896262586345868 0.0 0.0 0.0 0.0 0.0 0.0 0.0 
-1.1162373402307977 0.0010049937465366199 8.56949965206355E-4 8.393703403571928E-4 9.754150587963917E-4 -1.105926059573246 -1.0692060291557648 -1.1252402771716734 
-1.0817899226142096 0.0 0.0 0.0 0.0 0.0 0.0 -0.5414019295913306 
-1.099746018946894 0.0033494388561953747 0.0035207053994518733 0.0034422911857757976 0.0033460143779112383 -1.0184282098998776 -0.9953554881277555 -1.119144966566667 
-1.0865519868976063 -1.0449532412011902 -1.0802455719733564 -1.0607951276862604 -4.4626274974923774E-4 -1.0179243473522492 -1.0561415707569402 -1.0889643868343928 
-1.1484392936765753 0.0 0.0 0.0 0.0 0.0 0.0 -1.1499758221273257 
-1.0801308357889863 0.0 0.0 0.0 0.0 -1.079611578105461 -1.0745258692390163 -1.1052291041271634 
-1.1016640515161291 -1.0188847748506786 -1.035447060120827 -1.0100208640227089 -1.0231067796040314 -1.0060015473961017 -1.0034993547591458 -1.097254046973066 
-0.48199294721844677 0.0 0.0 0.0 0.0 0.0 0.0 0.0 
-1.1035838812159513 -0.0013973629923619297 -0.0013616640826413142 -0.0013723217285339841 0.0019843570256458266 -0.005486330199877168 -0.7257798203270721 -1.1056737921934061 
-1.1279484491828502 -1.0964895043623315 -1.0974828108544752 -1.0795739009930387 -0.001438210001983048 -1.0381078481454449 -1.110219164639135 -1.1101533337039862 
-1.1040550967337748 -0.0026759426051257418 2.454456284363693E-4 9.164421414317864E-4 -1.1003693712474232 -1.0835924054650885 -1.1139970580604115 -1.1433725191698731 
-1.107039468973898 0.0 0.0 0.0 0.0 0.0 -1.0789695662121703 -1.1422970151345826 
-1.1098601004742716 -0.9295215372408643 0.014785662533411376 -6.143265799356812E-4 -0.9787169457852979 -1.0454873430379443 -1.0755676212905274 -1.1052586178758181 
-1.0294431021273005 0.0 0.0 0.0 0.0 0.0 -0.8225942356263758 -1.0981886712886393 
-1.1244499971777744 0.0 0.0 0.0 0.0 0.0 -1.1589232870288317 -1.1476880277000256 
-1.0471300731242377 0.0 9.582359692979041E-5 0.0029208018569047145 0.0 0.0 -0.9151646578296821 -1.0828514819109367 
-0.6898804117510473 0.0 0.0 0.0 0.0 0.0 0.0 0.0 
-1.0280450587937517 -0.0032502405074453233 0.004013334794533419 0.003937441598459324 1.8980009886321314E-4 -0.9396419135308256 -0.9862560087705781 -1.0986156596003862 
-1.1116837510770952 -1.0339363478162549 -1.031965150082198 -1.007175516772532 -1.0491960184712092 -1.017809662015662 -1.0442083550833936 -1.1280701510918894 
-1.0428378911261538 0.0 0.0 0.0 0.0 -0.9506979740235626 -1.0113395459232004 -1.100111142387478 
-1.149271088721519 -1.1565294807288753 0.0 0.0 -1.162269183425632 -1.1603346463556743 -1.1431171456597955 -1.1603891838477711 
-1.1050311887981379 -0.9809555853832087 -0.9874543328652783 -0.9707223190210563 0.006480734538221263 -0.9711637413019781 -1.0478273687165425 -1.1114074087231989 
-1.125406661253994 -1.0839105381624012 0.004763053607087647 -0.003185347722507406 -1.0678600963510156 -1.0957087458884618 -1.0802453023752991 -1.1283914940870594 
-1.0902962806599588 -1.0155917171618882 -1.0122970017800965 -0.9882317989521248 -1.020531388142568 -0.972714804323419 -0.982108743106855 -1.1183074625811544 
-1.1473866265494905 -0.001555067955609779 -0.004940933613392762 -0.0015414102889641512 -0.012925986131437028 -1.158008314559138 -1.1468005197473015 -1.1528726193876713 
-1.031631792947398 0.0 0.0 0.0 0.0 0.0 0.0 -0.9677091908492468 
-1.1096221884468211 -1.0625116954947649 -1.0621404261894214 -1.0369514290165471 -1.0095234823119246 -1.033151361900621 -1.0413515829256905 -1.1169498832495786 
-1.1479996597981337 -1.1334597594631934 0.005789244522495407 0.003981296057212758 -1.0972034418984271 -1.1316790989465875 -1.1274771720853225 -1.1688122094512958 
-0.9879024682100692 0.0 0.0 0.0 0.0 0.0 0.0 -0.7289911094471444 
-1.0555567091947289 0.0 0.0 0.0 -0.8776134441113383 -0.9854463463638021 -1.0388048260065217 -1.105909158094399 
-1.1277637289312028 -0.999559915373216 0.0 0.0 0.0 -0.6558477970648147 -1.1210969031537614 -1.1520595235064186 
-1.1032409203124047 -0.8280971469531878 0.002731231049147429 -0.005635918508615122 -0.9923648261778745 -1.0719650589355851 -1.051541951203878 -1.113813964786856 
-1.064060480441163 6.572240594565626E-4 2.034381025084464E-5 4.0010902345888333E-4 -0.001818067075736507 -1.0231023001517683 -1.0788763402708428 -1.114769398888586 
-1.0840877825708644 0.002215287202028581 0.0014150893172882144 0.001630941499765566 -9.203811155547737E-4 -0.6197329360047801 -1.1232452959763677 -1.1378923637711156 
-1.1071817617668929 -1.0768358823394022 0.01755203673938158 -5.626268390298455E-4 -1.0437156893743227 -1.0712650321792134 -1.0820542729515885 -1.115685270358964 
-1.105800305359458 -1.0609400505796143 -1.0862757224648705 -1.0679153578503509 0.006466362017809285 -1.0373201588221077 -1.1093494192575841 -1.123022833250444 
-1.1006019329516106 -1.0214821806512657 -0.0031755381627374957 -0.003048456156388428 -0.9805712648843697 -1.0879725261827664 -1.0438216153024982 -1.098040095906354 
-1.11707910621538 -1.0530275860927067 -1.053829164691271 -1.0287417208525267 -1.0198180179769352 -1.0488934199121058 -1.096436923488738 -1.1313058341536932 
-1.128261046377986 0.0 0.0 0.0 0.0 -0.5146207418042934 -1.114881815135113 -1.133601988431757 
-1.051116535454689 0.0 0.0 0.0 0.0 0.0 -1.0265707973231875 -1.0759148060475554 
-1.1291367214076407 -0.9839928020959381 -0.0017824818353024408 -0.004389576262438858 -1.0371675505437823 -1.0904067056106892 -1.050250913295902 -1.1183176360662335 
-1.1344191195790116 -1.128132532624798 -1.105527030119265 -1.0779730267740897 -1.064209035394629 -1.1057537782231193 -1.0972727771002522 -1.1176929750004492 
-1.0892534891837475 0.0 0.0 0.0 0.0 0.0 -1.048689353537441 -1.0828309535602432 
0.0 0.0 0.0 0.0 0.0 0.0 0.0 -0.8466940305182646 
-1.1125876477282057 -1.0515232065952989 -1.0750911257566722 -1.0569237059743541 0.002957862261287754 -1.0383409105289685 -1.0877316106961918 -1.086307633547873 
-1.138404708324811 0.0020955146944918804 -0.0014051201994187369 -2.463177040872939E-4 -1.1618038752401458 -1.1330214565773213 -1.1643529389101905 -1.1666499294363641 
-1.1041119439600975 -1.0409676834930877 0.0030721410430535386 -0.004902330537454591 -1.0410622812044066 -1.0704142033962445 -1.0668866267995978 -1.11177565626675 
-1.1184404138639241 -1.08812430249882 -1.1054235651764144 -1.0786864676609673 -1.073131601197066 -1.0820213970540205 -1.07491827332957 -1.1153476616501274 
-1.1231942562099362 -1.0887164752546425 -1.0764352057804276 -1.050944758426445 -1.0346107355043757 -1.0487321736379678 -1.0563920175380546 -1.1354404967483998 
-1.09016055752663 0.0 0.0 0.0 0.0 0.0 0.0 -0.9686821209138499 
-1.149942438041641 0.002898768748934355 0.002933215967945768 0.0024943867013205723 -0.00539381471405298 0.00847073076841165 -0.6306190361172401 -1.1537258971415787 
-1.1218812893987404 -1.1166804099261327 -1.120097738755359 -1.0930894766219297 -1.1116728569262906 -1.1053088557390922 -1.1092738425379172 -1.1413071111989785 
-1.1216083456130688 -1.0955656700891103 -1.092619197222125 -1.0672565769127882 -1.0309048285488063 -1.0761654442102275 -1.0820837800414815 -1.099533052247353 
-0.9890065443142785 0.0 0.0 0.0 0.0 0.0 0.0 -0.9574514343122591 
-1.1004458391304672 -0.9779072833466553 0.008548942146845318 -0.008531936921975403 -0.9997438502334751 -1.0540709425652535 -1.0450034348680668 -1.0977096778365936 
0.0 0.0 0.0 0.0 0.0 0.0 0.0 -0.6296226999285928 
-1.0952610384309787 0.0 0.0 0.0 0.0 0.0 0.0 -1.0891676003825248 
-1.1381802571521837 -1.0366025858769266 -0.9869958856164572 -0.9637420440268931 -0.0046707845344564625 -0.9317372072687289 -1.0909734171758232 -1.1368355187840362 
0.0 0.0 0.0 0.0 0.0 0.0 0.0 -0.5619931528814224 
-1.0982371118194993 -1.0294037242720333 -1.028166205579188 -1.0098372659756427 -0.002410445814511976 -0.9816825015200356 -1.0321874472519128 -1.0806958746646347 
-1.1058690278328254 -0.9774521715019948 0.0 0.0 0.0 -1.052004370492162 -1.0873484422677464 -1.0885966625977002 
-1.0901935471570259 7.57974269741029E-4 -0.001972784268022927 2.499432279761529E-4 -0.009422795939475403 -0.7625919986934864 -1.0470220757900845 -1.090162704049865 
-1.1433048739900784 -1.1501189104047644 -1.17292715487381 -1.144662117337709 -1.1550369808362584 -1.1570724594261412 -1.152946049128349 -1.151560893300411 
-1.0367018783104922 0.0 0.0 0.0 0.0 0.0 0.0 -1.0662654107534437 
-1.1276611529587117 -1.118079581172664 -1.1503990569772031 -1.1228625669191232 -1.1035017553794058 -1.1338975649232832 -1.1389552075025846 -1.1496814036873895 
-1.100169263026512 -0.8008687053542003 0.006022629609602481 -0.0024885096609003066 -0.9858210634747673 -1.0644744762967597 -1.044009853175028 -1.1089775994930458 
-1.1081580387981504 -1.0908501126153967 0.0 0.0 0.0 -1.0355002320164988 -1.112245017568079 -1.1282838401328577 
-1.1037115124447006 7.426776199881675E-4 -1.1647024582888153E-4 2.461478462392738E-4 -0.002115609791673973 -1.1191956212246947 -1.1414363273643044 -1.1296271200249124 
-1.094585386556558 -0.9829555166109493 0.004395050491958924 0.0035427136837542887 -0.03118895205534522 -1.0024199587083347 -1.0683396649878545 -1.1134705337155437 
-0.7455851745490056 0.0 0.0 0.0 0.0 0.0 0.0 0.0 
-1.1235875550535084 -1.1054029743395561 0.00237300423781564 -0.004669104730156012 -1.0867915039729992 -1.1182028523730523 -1.0962430304745079 -1.1329581557499007 
-1.1000916612773357 -0.8777657913092598 -1.8773272669648372E-4 -0.009319318814199212 -0.9818373866143237 -1.0746859951684928 -1.050113846455423 -1.1190015568269767 
-1.079609149286279 3.1303824305307926E-5 1.8262286401234118E-5 1.8092967458967907E-5 -3.850527700779462E-6 3.344884670520437E-5 -0.9488398248319483 -1.0863664533825639 
-0.7828696380680014 0.0 0.0 0.0 0.0 0.0 0.0 -0.9922645063648676 
