2.69181722323264E-6 0.981658786185043 
0.9817572059363379 4.664625792183408E-6 
0.9817572059363379 4.664625792183408E-6 
2.69181722323264E-6 0.981658786185043 
0.5340161290554257 0.7200150353226591 
0.206280270896267 0.9013909774735355 
0.6836561715736246 0.5769157114113779 
0.08762522243492343 0.9439974513826117 
0.30574515754720066 0.8626038308949654 
0.7009257792723669 0.5572269682107689 
0.16228878584122364 0.9208216401741711 
0.9686545617580766 0.029940280105817507 
0.4039310620419331 0.8093589205492772 
0.5554814728369701 0.7036847272252986 
0.23049863690764272 0.8908839804281994 
0.49809159883478615 0.748384998360864 
0.8306621924497539 0.3597720539531347 
0.8678271662395998 0.2843992572693408 
0.9587364818517492 0.05591538749582414 
0.2626819601370093 0.8784230108640255 
0.3296289113994424 0.8473862553737792 
0.908546590861153 0.1864449042240709 
0.11070011202310215 0.9368350611300647 
0.44220673782308917 0.7831465021238271 
0.4791161150608594 0.7653129294084285 
0.016793200658761553 0.9757270499288708 
0.9490020959001102 0.08171519328163601 
0.5190672441869173 0.7372471446834095 
0.14841006711235283 0.9286430925090654 
0.4575596712394432 0.7735062181924717 
0.9725498362566454 0.015481495486340369 
0.8804399724995282 0.2586451239425305 
0.9302166547649358 0.13491467186017536 
0.650939045237714 0.6157054407649843 
0.6055420280563626 0.6589813152325961 
0.9246279016312752 0.15228645375530647 
0.5923646834099643 0.6706667201435934 
0.6640929940532274 0.6028446357801946 
0.8429563476328465 0.33677771953711466 
0.18390927876327778 0.9095848432085255 
0.6357073228510952 0.6298609825941328 
0.7556752812556286 0.48372017533724654 
0.7883738548620807 0.4467283634430612 
0.7219609774281632 0.5419375783001481 
0.06941114203144771 0.9510850989773182 
0.9523872148669389 0.06308268980720544 
0.8166481877184695 0.4064668300042664 
0.9184535274845316 0.1627265192185745 
0.8496164662273686 0.3228037253042144 
0.03186469892774757 0.9682844296987038 
0.4232820334207009 0.7983658364079247 
0.38723194821493356 0.816036746298487 
0.6747022223259698 0.5875100167087222 
0.8195787071815007 0.38468058680508477 
0.7810851107845225 0.45629894048613684 
0.0583070013756537 0.9648850339323292 
0.9043939516465804 0.19674483691357192 
0.7946639448658437 0.42447941105094156 
0.6124411774894052 0.6519418375147625 
0.5776396024531285 0.6847334732415031 
0.9358343946640896 0.11764698637359938 
0.42883069275182306 0.7914303866130551 
0.8602834594301353 0.3031753347790809 
0.1870488408657417 0.9081669457666953 
0.899652826934197 0.20971977134037512 
0.8543638178436587 0.3138552236073606 
0.2826065825577069 0.8705809240444938 
0.890062224496803 0.23542843805936053 
0.040559018523465884 0.9656582387296446 
0.8853686029798273 0.2450669835927083 
0.8044598144931633 0.4082913865727378 
0.12795072939361551 0.9302393642149638 
0.737766804026984 0.509344956746234 
0.2930603990000852 0.8658404569506921 
0.7670422685389818 0.46678192225252124 
0.729141068897324 0.523870853997161 
0.8195787071815007 0.38468058680508477 
0.6254947561912253 0.6412794639017234 
0.36968873883401865 0.8252089989603559 
0.38106872912567546 0.8200572808179426 
0.24714016798257532 0.8844249725157013 
0.8653118280371314 0.29422477394111346 
0.668130927411803 0.5947363462947349 
0.9438884879251942 0.0993766383331004 
0.7448087448380665 0.5072125682685399 
0.7486873121047476 0.4947141584093808 
0.5673946801832723 0.6946675740907022 
0.3360610799320174 0.8442000543997952 
0.71207719529674 0.5506307521654592 
0.06194541324443348 0.9545605482459821 
0.7671403245806827 0.4666354173870755 
0.35390882927361633 0.8399033489264519 
0.6220380365898877 0.643731910367183 
0.9438884879251942 0.0993766383331004 
0.7302756717199961 0.5219508026536135 
0.24416318319440822 0.8864394406876297 
0.9344457639434558 0.12140882911876405 
0.8938310487778302 0.2235928325085721 
0.7946639448658437 0.42447941105094156 
0.3476905563865671 0.8401974693568526 
