0.13507281298933993 0.1352400694652796 0.08723344598909627 
-0.16596011373760344 -0.1686186531965863 -0.17306439281284092 
-0.28102513051368405 -0.2775970207109317 -0.2556038789891895 
-0.021604054443637943 -0.011402304820269604 0.0012101400712294375 
0.2327594944877 0.20518651886443517 0.22821990882466656 
0.05763741854642837 0.040278698081328224 0.06509043031231038 
-0.4118345452331014 -0.38249651037348337 -0.40197210206378486 
0.19988820341751634 0.2224010757536402 0.21394298785898952 
0.023049660660787008 0.04096665443598044 0.027206537488412258 
-0.08620889509823582 -0.11100378850713283 -0.10498873598500735 
-0.2891609823511311 -0.2656107541063042 -0.28965913703502977 
-0.18386360326895024 -0.17518406984884943 -0.2011209002310801 
-0.23834333199135455 -0.21327889873733036 -0.24400053751292566 
0.04857420196060555 0.0893493933403246 0.0491700254915628 
-0.032036343612312834 2.050470567935836E-4 -0.024223693952693692 
-0.3163150944589317 -0.33434777625072515 -0.3195051516356636 
0.10577467257663561 0.08706181379800954 0.11585630959475796 
-0.29321681144883205 -0.3239284691045058 -0.32147075851843493 
-0.09800539572990052 -0.10447630229628457 -0.07675931301004729 
-0.11069542931173482 -0.13681668698989657 -0.1040716923255868 
-0.03205494550342117 -0.04063409197048368 -0.03048975037633289 
0.23057668323883407 0.2313860127871703 0.23385677097599206 
-0.14641021305184737 -0.1535261749518675 -0.1289455967832004 
-0.10060646632229761 -0.12239825897490908 -0.1548469694655551 
-0.3022456649435086 -0.29327257631840886 -0.2794222139564946 
-0.06709932761077086 -0.06656904819761689 -0.03763289189542662 
-0.23720818121525192 -0.257433836467856 -0.22962538558703866 
-0.21888474423512866 -0.20165828967408633 -0.16671898458418616 
-0.25925925504848846 -0.240023424630609 -0.2543146615329555 
-0.005675288532810685 -0.020425381902895612 -0.053422136231901896 
-0.24236133874799193 -0.21687408386988705 -0.2083065312812054 
-0.3565306149435893 -0.3481438690328975 -0.3338242232419345 
0.15222621582468937 0.15848699205927774 0.16511081185032545 
0.1731480136692538 0.1976009931071797 0.18116718060852277 
0.02369330411111764 0.036178544927341794 0.054819879021836826 
-0.1791291219262831 -0.2191891807680113 -0.2149586631577366 
-0.2412615041804439 -0.27893686873295415 -0.26368934818169354 
-0.4145274760726478 -0.4320546881638687 -0.44545198121362506 
0.005962156819323883 -0.016457759621937074 0.002662113886493206 
-0.3532116429854373 -0.3296133406943572 -0.32141658162366554 
-0.1705624203871381 -0.14293169432132113 -0.14168802183378915 
-0.3958985570914188 -0.4254323750026605 -0.4209636470574205 
0.4733467430921845 0.46580495122129006 0.464748912740609 
0.10267929249226976 0.1291423117257084 0.14972797728545556 
0.18502227829472154 0.1906547753624698 0.20297923580435323 
-0.5134193399801654 -0.5274333348412077 -0.5228245616875521 
-0.3589964958252396 -0.3810006724381126 -0.3725249543300376 
-0.06266050078724356 -0.10115966902460147 -0.09357318539280507 
0.2421437075101311 0.24736503197610427 0.2353247605884995 
-0.4736029342677483 -0.47251522633789533 -0.4584694475968494 
-0.041323744033573084 -0.07535195395072902 -0.03260859521048709 
-0.4820907863844187 -0.48586241621136683 -0.5066356531621001 
-0.14646999878202188 -0.1136726269174218 -0.14281613449379993 
-0.05981288320195599 -0.06069871077347416 -0.07296663614637589 
0.19108248117151255 0.183124120588734 0.15161030300842532 
0.007668027435395186 0.048554538016842716 0.010003567325273632 
0.1189670814462837 0.16802225485681166 0.11808353231181792 
0.10215830095327894 0.08605156009638848 0.07261013641128788 
-0.3068738565893254 -0.3183947188306726 -0.28171670930871484 
0.2746318827261383 0.27874550175740737 0.2966436871444955 
-0.447097468365082 -0.43760240901622827 -0.46076069558099725 
-0.13975100626410328 -0.1742691618091629 -0.1675391420246764 
0.14782757739232652 0.17341800440294053 0.17896371262147948 
-0.07008885756522654 -0.08352577672020745 -0.06056914983547601 
-0.3891216296345479 -0.3782712977686402 -0.38566444485936424 
-0.16225867855846876 -0.17023448824130843 -0.20154760451796833 
0.27341925531803163 0.24669760361561144 0.23580393377842038 
0.11586484897877075 0.10611388785858433 0.11060415756182507 
0.009740016242482025 0.03393960872931892 -0.0028763645054759035 
-0.08998182816080924 -0.12431097347915848 -0.11224611400457496 
0.2995652526030158 0.3203870165198082 0.2957606541596615 
0.2505966581340039 0.2760675146770456 0.2603982589976645 
-0.0365886710434834 -0.04549901367728226 -0.04498607953943817 
0.13896587752008543 0.13638393234978674 0.17698991458577906 
0.4401082511875948 0.4217575149283237 0.4249244610832323 
0.031601960444427646 0.04298951900957915 0.06412148992518563 
0.46512930601876856 0.4305990233553568 0.4465798057460254 
0.3066552089457611 0.311405525336758 0.2654035118782393 
0.3514543656242395 0.350814225539925 0.3594722383342748 
0.07190132065845256 0.08887665785376098 0.07536539894401506 
0.5767137441130552 0.5771328823326701 0.577082688205278 
0.15751397177109633 0.12202360316943434 0.14824304662036825 
0.0680704896804345 0.08658419291677288 0.05634278506070878 
0.1184803615979712 0.08232655394334276 0.08433021042038474 
-0.5788554469134322 -0.5784953986834949 -0.5755696310925059 
0.4811864237369528 0.49983134283189135 0.4946378672071847 
0.38169428663608146 0.36025344244755214 0.40209661710581934 
0.36354504834210094 0.3786605903047382 0.3592843460643776 
0.5237704182958389 0.5158099788502211 0.5237477253953815 
-0.0900818495197924 -0.07899132185922278 -0.06623718524376798 
0.34004883082167725 0.32023086302993464 0.3287889998215717 
0.3543605991222564 0.343408084300531 0.3282065633182926 
0.019533476713509967 -0.005711714265116741 0.0013722880417290917 
-0.35557022236560465 -0.3719302746298232 -0.34724487780697055 
0.16835556116691391 0.2043468970754055 0.23554944880868534 
0.4010275300428332 0.41262264719369035 0.42177055347610953 
0.28255219201978987 0.25307256843174786 0.2827740377516334 
-0.21882004734110078 -0.21964703719149592 -0.20187601654123366 
0.38367177009670794 0.4127123889370859 0.3917394951873266 
0.32637007812794994 0.31196042583408 0.313818818926575 
