-1.054874906972334 -1.0780765596237614 -1.0138716594569146 -0.052559361097068935 -0.011739517904236108 -0.9743398145073109 -0.9435930267763244 -1.159269790966554 
-1.127353105899567 -1.107468934732347 -1.1213318904518157 -1.0559542161690532 -1.0969518229038158 -1.1222384539019197 -0.0393126964052396 -1.1543465954056518 
-1.1392567978792147 -1.1516511330812573 -1.1261221857441652 0.04954453572762707 -0.034718481364199374 -1.1270663146044393 -1.0986106681963257 -1.129066058388074 
-1.0524181006533837 -1.0126577080566574 -1.025389136948123 0.02196532508501181 -0.01596428622295709 0.05681652709840779 -0.8906581981754946 -1.0116561435505809 
-1.1150369634316197 -1.0166133720109047 -0.9383639595164849 -0.009080827486909637 -0.9984628448123253 -1.1540331445026784 -1.028719402414704 -1.0935990794026107 
-1.1153513963970711 -1.1200941556754067 -1.1786738313543577 0.007302062550903571 0.007069868642928107 0.054695365653757655 -0.8446916727361677 -1.063651785271186 
-1.0459816447471 -1.0713152819369811 -0.9043068163237513 -1.0382467254958128 -0.9438243198041112 -1.0243592469757006 -1.1002081957706666 -1.1031337469387084 
-1.159661570965144 -1.1033419653828442 -1.059273091519022 -0.06762978045994328 -0.8486120879966224 -1.1091241293785943 -1.0568327664267512 -1.1102498357341053 
-1.0583891226390525 -1.086941907360527 -1.0470475224524691 0.04646899406294602 -0.021626163426329725 0.0268184946335428 -1.1291865274053214 -1.0850674948709156 
-1.1243254508920493 -1.0098153208544725 -0.9619702306454103 -1.085403658833494 -1.048115170154995 -1.0578566938542215 -1.0449207963837464 -1.106307231267636 
-1.0552409200222463 -1.0829262522639778 -1.107691809742511 -0.9488204716976238 -0.05504591640070401 -1.0175014599159635 -1.1465143990438966 -1.0938826577530874 
-1.079956601252289 -1.0432688814097886 -0.9287317627693652 -0.06659856374161288 -0.9313475325160809 -1.078086572075435 -0.9856882353220167 -1.1126844675761127 
-1.1432645116874498 -1.1594250832876192 -1.0521230488369273 -1.1177988409316482 -1.0877367415721992 -1.1283550804222002 -1.056236455773512 -1.0821585824710378 
-1.0856623244561112 -1.0097376694618563 -0.013112457441535996 -1.1070608038210592 -1.018125171146632 -1.05060229523178 -1.1512453527453956 -1.1371622902204914 
-1.1010832111486764 0.010388350545237013 0.003393809203470502 -0.03874293055650932 0.007483531801855237 -0.01211198466977402 -0.6502746503560424 -1.1229984015723122 
-1.1351717310054854 -1.054447882307979 -1.0031298093676524 -0.9843207910701433 -1.0815722138415655 -1.117746125171109 -1.0728384482533897 -1.101389366418769 
-1.0338943625298305 2.8211522236343267E-4 0.006047872218314598 0.007621462404907801 0.001441551874787575 0.015186016650372213 0.014953174296263196 0.02998302403829234 
-1.096401967445894 -0.018579756708086093 0.007448594029426063 -0.0031782704475082756 0.00863425240886988 0.00537372843482517 0.11582180712316141 -1.116905197655263 
-1.152779978895025 -1.1277987476937212 -1.1019844215606962 -1.11214248551411 -1.069372085709965 -1.1222344728528355 -1.0966329103344554 -1.1556291461425878 
-1.0256854334397578 -1.1116857349664708 -1.065117087390485 -0.008767997562169394 0.027099352808614974 -0.012896763089563557 -0.9180364770181325 -1.043814566345386 
-1.0937223565375536 -0.5924574633004699 0.04578092853501014 5.386319692157124E-4 0.01901145256133263 0.03693566871291118 -1.138261335471908 -1.1321725095261272 
-0.905225627028 -0.04250028884159229 -0.025440532046121535 0.01855312761477026 9.038717282575104E-4 -0.011102647381813088 -0.004664642307734557 -0.013173265039612025 
-1.1172603291968286 -1.0989921932932076 -0.02396784356541612 0.01008387661235323 0.007581716844751986 -0.03494744489800332 -1.1317958201444491 -1.2140695917116588 
-1.0374193939678513 1.2346565422347456E-4 -0.022595867997447186 -0.0038285436203420176 -0.020834632167006657 -0.07336503728658328 -0.8201426038217957 -1.1031632440799402 
-1.0102748823602556 -1.0851276566028365 -0.9511833786607977 -1.0034296596265002 -0.12841811532863445 -0.982697458754858 -1.0738832134179432 -1.1321902880394406 
-1.0545540808950165 -1.03813376727244 -1.0933230862471919 0.044208643785892954 0.028019095149873136 -0.960504843064619 -1.1116110767136709 -1.1205421314366484 
-1.1322690857481716 -1.0884543682294543 0.02305229038299103 0.06261897064746479 -0.06254938372751256 -1.1082829060476345 -1.010607064734692 -1.1226564933646712 
-1.1241224705056467 -1.0656418433127262 -1.1169901458918972 -1.083879703070636 -1.0640704019513363 -0.09177594862451444 -1.161096982131615 -1.1340523095950534 
-1.204707448169966 -1.0711817782585327 0.056165929229404665 -0.04807407983552815 -0.012520406343300138 -1.1058968992687415 -1.142006705142444 -1.128900991045496 
-1.1264526779489161 -1.0999125990279488 -1.090467789851778 -1.1034696363239302 -1.0905218916172539 -1.0674407622915798 -1.0487531938758454 -1.081913310332906 
-1.0620796389451357 -1.0375213202073548 0.044934904523937835 0.031301508720042115 -0.10535903459563807 -1.035383518632207 -1.1076789186300287 -1.1174470064971813 
-1.1723941811550964 -1.0722969842246288 -1.0637212212192881 -1.1714811211923073 -1.007685712992728 -1.0407121356397688 -1.066816459871647 -1.1446058691694656 
-1.144291216623712 -0.9253624864539665 -0.8833974712970766 -0.029571905498956275 0.03367082259538856 -1.0575930986229212 -1.0269771927553328 -1.0900288677549614 
-1.15615073272998 -1.1349490040060157 -1.1421144957123044 -0.048365544764390006 0.0474952652376249 0.19697705549854555 -1.164079844294839 -1.1496540103276591 
-1.1326391388722683 -1.0752399544985463 0.05707488612209309 -0.031677944101498115 -0.07393387964204795 -0.6926821097473957 -1.0066900621354962 -1.1556085755971122 
-1.1753944661329283 -0.999570902303834 -1.1638651228379147 -1.0615325128049211 -1.0359700658627509 -1.0252655962941581 -0.011135803920060972 -1.0829681802448639 
-1.163129635478517 -1.1598954319795047 -1.1090718049685948 -0.04952951279753276 0.06922884260724962 0.15832248309482455 -1.1578121964423451 -1.165370802028731 
-1.1385297212310161 -1.0164061822036752 -0.7394114746959284 -0.014787499609662191 -1.0291147155497147 -1.1385920951257567 -1.13707391302031 -1.1146701430273713 
-1.0272345619669343 -0.9135150026881504 -0.012003687516579362 -0.004041400808313986 -0.01606622369476675 -0.04663311861938263 -0.010180890533227904 -1.0738336127252945 
-1.1031182701969073 -1.0908020361242303 -0.0063685364505813025 -0.012476489459635087 0.04878463631757577 -1.0140988472916712 -1.0491238125674858 -1.0200235790036754 
-1.1401619278454471 -1.0979035205494183 -0.8417522299351001 0.04237365375184243 0.02107044324194393 -1.090680572615447 -1.1201242669830176 -1.1347882491586558 
-1.126850902617723 -1.0592942664678315 -1.0503860068238138 -1.1189585088195066 0.022590111840675803 -1.070142848594056 -1.0767519519100963 -1.0890308405014693 
-1.1104442338406193 -1.139895004947103 0.030750487817646888 -0.005702356673834688 -0.03347315438517484 0.0072253688014564665 -0.5407758733390616 -1.130924759518538 
-1.171541726821528 -1.1315966136836388 -1.1418004304030738 -1.1347932304041588 -1.1678699056877222 -1.1589923675701757 -1.1403968588487718 -1.1382509582093716 
-1.0176326935348543 -1.036551829156599 -0.9547039717189041 -0.019947914540388856 -0.017824608625096355 -1.0995199466848693 -0.9363217136078039 -1.071731968872924 
-1.0569323251954286 -0.09830470600985874 0.004572960724253106 0.02424716773017195 0.01965560764895766 0.004491000249587356 -1.0129513546900966 -1.1515869011863953 
-1.0532939049538406 -1.0203953768426541 0.04658679419670683 -0.00504875609846395 0.026782857661461885 -0.05597673094830573 -0.9099757391765915 -1.0849904733245996 
-1.0475570325560368 0.019675933198453958 0.007447710620812377 0.035330337747895096 0.015485907849888424 0.01884483324208963 -0.0026858644780344745 -1.0306900588668186 
-1.1606285565904104 -0.003807843726890952 0.0068134505913711035 0.0011961026192029607 -0.012797270019938295 -0.0054892085264888965 -0.011408192609439167 -0.7454974142871469 
-1.0509603594928272 0.03446021494183593 -0.01622049199191883 0.009177880159665794 -0.028340642930345064 0.03799662799789205 -0.8358590537654236 -1.1303258875591022 
-0.7297614908975771 -0.007275722332828992 0.005542375771155442 0.0092055019204153 -3.839022948380396E-4 0.00999180274980345 0.01692640772864067 0.02803213324136588 
-0.592991943026302 0.008234667571254742 -5.764018246293863E-4 0.012282756654805299 -0.010630626454376695 -0.012761312483778911 -1.4123827839553245E-4 -1.122726917084231 
-1.1428413392344032 -0.024826756334085376 -2.4207323768733226E-4 -0.0031463074149753727 -0.013542926711243472 0.002589653520806194 -0.011375902181650733 -0.6588954471596722 
-1.174690397020361 0.004336203040556584 -0.014719980187084213 0.020953764197331852 -0.013623934996706017 0.05283652821265463 -1.0636084571079265 -1.0997898853276444 
-1.1416775926929916 -0.9272947851962685 -1.0485521167239684 0.057718760398839886 -0.027916761453924497 -1.0493800085799587 -0.9976231720925387 -1.1763163965723817 
-1.1766247857031387 -0.9583207540517089 -1.0496481033945788 -0.990277151894321 -0.9783575248396195 -1.0211586620094042 -1.055271226925706 -1.1432443740413167 
-1.0253960508199083 -1.0117168017954148 -1.1308536998887473 0.022232892061775644 -1.124063955149743 -1.1178926990800746 -1.1372291069676863 -1.1482429876080038 
-0.6108946151490172 0.010745718911578425 0.013365152385127678 -0.006156345381176114 -0.002624204351953329 0.012429722899223236 0.022828731908051986 0.018744677333812215 
-1.1282826551860752 -0.011535556379263956 -0.030905473832951974 -0.014354697908353694 -0.01713791184561203 -0.01666182254996701 -0.9495152783594933 -1.100710540046312 
-1.0612367744077817 -0.9233750033723371 0.03555897725285406 -0.05744445719229396 -0.9965999704358595 -1.076524385517555 -1.0575212098373101 -1.1240191019028196 
-1.1368230041194483 -1.0756336178885508 0.07896104415532551 -0.04031167891648639 -0.007072639052514623 -1.0595610441649321 -1.1894598948804016 -1.1650080103803997 
-1.0680303482273061 0.09815804545514109 0.010434067368073978 -0.017772053946179672 0.035899474477055444 1.5428399629013878E-4 -0.7150703709997843 -1.1241351457470505 
-1.1158450736408714 -1.154061823719946 -0.040497782260799975 -0.011978534198299518 0.03002397037609577 -0.052707942910439745 -0.9399407102100586 -1.1631928805064007 
-1.1325577538349685 -1.055682633279391 -1.1105002350863757 -1.08143687328407 0.015381131894996902 0.014369919092680705 -1.0476329999307676 -1.1182894026085277 
-1.1419398219864079 -1.0712474722023186 -1.06806442043647 -1.0407771316009269 -1.022146072072507 -1.0735408430937876 -1.0704048224870948 -1.1315676542050455 
-1.172470741865912 -1.100815531781665 -1.1384522549287364 -1.1340824120370474 -1.1393341312545258 -1.1611392522551018 -1.1432921844152355 -1.1357947470631926 
-1.0132375260383117 -0.03734622024551926 0.011368004555468079 0.01134446468355036 0.01356893938925248 0.01692341384068049 0.005373544405196436 -0.8967057185549141 
-1.11765433058474 -1.0571885523067333 -0.965742320698338 -1.0579962057595003 -1.04413427577012 -1.1092884733949793 -0.9562744982355174 -1.1208717676096025 
-0.0063625358992013305 -0.009287786293854875 8.573818198284767E-4 6.279083931059714E-4 0.0050818989638373255 0.017238858903956676 -0.008348815055071616 0.0027329197635860497 
-0.03637041467313995 -0.012539958785318443 0.00370768117202 -4.867112209084607E-4 0.008749029336287614 0.0158925572819607 -0.021749227577357932 -0.9793157411352436 
-0.03604531165735668 -0.0010215807739464428 -0.021112136564852196 0.01847320826026969 7.429973005154845E-4 -0.02987382878854077 -0.009067575756874486 -0.6440776327966473 
-1.084443995730184 0.03776429259382259 0.026738133562043423 0.02188148963323667 0.02372146302820629 0.005834667927860252 -0.001715320443329625 -0.9425843932619306 
-1.0841916801383569 -1.0198704052733851 -0.007802970245924218 0.008950927998058633 0.022994828596561517 -0.003741029687918146 -0.9945341632148132 -1.117461737963466 
-0.5528488938012313 -0.005906489584204797 0.006105674452148049 0.008078681196394683 -0.0028691250043552403 0.005098486278828968 -0.011811809475582701 0.023070356712287632 
-0.8838740540408203 -0.009544802523480393 -0.01606291850354203 -0.029539769106098568 -0.007977056628941728 0.019482198331509104 -0.010412079857795319 -0.004055420796030086 
-0.0060736181112242636 -0.006153153926741509 -0.006261660912562236 4.8201485331999107E-4 0.005032164553583909 -0.0053461677617849465 -0.005115311747541373 0.016770781490240597 
-1.1673681656081332 -0.8929673816926041 -0.9207021975910239 -0.014428067848677638 0.023548664558677018 -0.02146008326023438 -1.0663895982055416 -1.1385457722676464 
-1.1747533323610608 0.022893757180996885 0.009042836373232284 -0.004396764127342098 -0.010905210030699539 0.013403748282354164 -0.01789449851163946 -1.0298942565171874 
-1.136865992142385 -0.0027882398597996634 0.02460515753280924 0.033506508773516505 0.001215605143345159 6.829345583760499E-4 -0.0019602588947675867 0.028459579009061865 
-1.1493162815902316 -1.0491912808673063 -1.003141768418449 -1.0437576213742235 -1.0372359593602205 -1.0949233015377176 -1.0085694023580185 -1.1785480008155163 
-1.1804452204167721 -1.1682858779160914 -0.012392376170737018 0.025021038786075978 -0.037598495878627826 0.03345447242280089 -1.1047523989367505 -1.1032447425883545 
-1.1080769826694352 0.03905087625597084 -0.02268928393457552 -0.02372233494834316 -0.004402595252589309 -0.01852581538931037 -0.8923915523617605 -1.1440484750450945 
-1.1347819269395674 -0.778341008665915 -0.0034903389981156795 0.011930710489554342 0.003821644745420613 0.005038042296532916 -1.0419012835652257 -1.102966947217453 
-0.7988194004392104 -0.011439750194212853 -0.005911306162789468 0.015068703768965174 -0.00857359297595893 -0.015520884751400413 0.006249820851203347 -0.013979899539622975 
-1.1090675259631966 -1.1403793479601274 -1.0615869783707756 -1.147217112187827 -1.1472984078527215 -1.1464482477033586 -1.1302231512412837 -1.13495499562474 
-0.8007986343595853 -0.009694570114404853 0.006785430959466265 -0.002464004108339194 -0.01591328864483066 0.03554916767102485 -0.0042687148981522816 -1.09475310888641 
-1.115435787282987 -1.0677259131556198 0.027270402706068578 -0.02627798849966341 -0.02312691411437962 -0.013649397525183508 -0.04091372521745403 -1.0905787977753034 
-1.143263171446458 -1.008256141221146 -3.220333606276382E-4 -0.058978229206144483 0.02044300846086844 -0.08724829542351414 -1.058002332866737 -1.1698762950615893 
-1.133898171960427 -0.05590925012874656 0.02261313813070584 -0.007669246214525333 0.0055340429947068545 -0.018025197775341686 0.03294917873240788 -1.157753588138274 
-1.1324347258725653 -1.095378741516181 -1.1390825251505114 -0.06800893781237988 -0.032317424185552175 -1.0346550823546286 -1.160132922637888 -1.1215874237379688 
-1.0886561069343148 -0.050934582825944805 0.004161846864261456 0.03009123569236595 -0.025324868201740153 -0.020721517755826886 0.013569411512891306 -0.8783095540259631 
-0.6983552396141837 0.013349247193666609 -8.383407395943839E-4 0.017796532073348345 -0.013146152744368802 -0.014823053905255108 -0.0030381196164395944 -1.1601038874879144 
-1.1276069196727163 -1.1273924247365308 0.019326292113898025 -0.004971797854835656 -0.007789480865558085 -0.004478290611281667 -1.1465932944155903 -1.0209825623357196 
-1.0749149196888002 -6.94385044571397E-4 -0.007698746121904977 0.0029968941158687633 0.008831803362340029 -0.005236159203305425 -0.051034603025805536 -0.048355644643579776 
-1.132897690741725 0.03549603233319809 0.00365091966814265 -0.09613093149927449 -0.009003026730538176 0.008193997167638597 -1.1700438665324309 -1.1511101563002888 
-1.190701464239313 -1.0948109708785516 -1.0855085303547483 -0.9420749896067435 -0.9042063244069184 -1.0615576367122763 -1.0399354788190651 -1.1302536661206581 
-1.087722972231324 -0.020661254437737808 -0.01754086107045777 0.010927101784290447 -0.0027795865212584953 0.06234455134538134 -0.9200042421038405 -1.1337542083382117 
-1.1046258558116244 -0.018041459743804115 0.02897436004460581 0.007655238344583164 -0.020054197889229464 -0.01370541577523856 -0.5452145122285764 -1.1892614426069084 
