0.5740911721593518 0.4999715401435509 0.5000166039449374 0.5000149535065664 0.500083044785339 0.49999935772571397 
0.7984991173404451 0.5000293016684713 0.5000199936443721 0.5000082514653256 0.500082146937382 0.49999852755439167 
0.4794720427243069 0.5000251803009435 0.5000210217299828 0.5000200457261496 0.5000821052219084 0.5000009263492232 
0.5911861962179868 0.49997068222653046 0.5000166298727754 0.5000105499246222 0.5000822600202224 0.5000091057151661 
0.8259252966698387 0.49998100191242145 0.500021421940294 0.5000020876118144 0.5000821746889731 0.4999988769037668 
0.3940403160632324 0.4999791357296601 0.5000212700672936 0.5000212932279039 0.5000837504634779 0.4999876182487061 
0.8932784454625138 0.49997688658581424 0.5000177293809126 0.5000127361150636 0.5000843227143771 0.49999787992298084 
0.06353202326976032 0.49998066718786516 0.5000211332696437 0.5000179056884032 0.5000821766514865 0.5000096989829685 
0.09672425270276906 0.49997368031096734 0.50001942733884 0.5000181552943789 0.5000817504418426 0.4999995093431606 
0.3559279526541219 0.49997385796924737 0.5000178875469955 0.500012144340776 0.5000853773936821 0.49999891246087486 
0.3004865065314578 0.49998057572411353 0.5000201110576191 0.5000084242097387 0.5000831775009021 0.5000103000935937 
0.6992524155563065 0.4999762381914364 0.5000171130550218 0.5000151068135389 0.5000833370026063 0.4999850790295989 
0.967240775292497 0.49997605843120013 0.5000196400297278 0.5000120561953104 0.5000821785983258 0.49999836401698744 
0.23634686743966682 0.4999753766102445 0.5000171691434113 0.5000090341366046 0.5000835840507846 0.5000101268709045 
0.544762436847949 0.4999753092232586 0.5000198250521862 0.500018576689916 0.5000830394890533 0.5000091925529592 
0.9604985332797149 0.49997854034471734 0.5000200419953502 0.5000122541078099 0.5000853490431116 0.5000104685184656 
0.32578498100316144 0.5000240079098586 0.5000210902241142 0.5000121366089478 0.5000832888461639 0.49998637924588374 
0.8590116918697387 0.5000239558464653 0.5000179069664283 0.5000082795522962 0.5000833068572001 0.5000006390625347 
0.5232364316025446 0.4999765385520687 0.5000194361761172 0.5000120988064763 0.5000816687393569 0.500010604558617 
0.8393047786791601 0.4999766834371675 0.5000199936443721 0.5000082514653256 0.500082146937382 0.49999881059326673 
0.17525463154711945 0.4999790278448714 0.500019218158724 0.5000175753709114 0.5000848501985963 0.5000002414581592 
0.20375639122888317 0.49997259687103 0.5000163396694048 0.5000177012155137 0.5000836294041512 0.4999995652245898 
0.55350901179713 0.49997780696557237 0.5000170302989052 0.5000133724718568 0.5000820938352596 0.499999322288064 
0.255935271118221 0.49997688658581424 0.5000175725760374 0.5000124062237908 0.5000843227143771 0.499997797271322 
0.34333348708488876 0.5000706427548107 0.5000200171947717 0.5000078759945076 0.5000837316813322 0.4999880235651562 
0.8696032167270692 0.49997747928938013 0.500021043685594 0.5000139660228878 0.500083595733288 0.4999993004737094 
0.2254279960150032 0.4999787539847207 0.5000197452370563 0.5000207530269667 0.5000842147044252 0.500000200006741 
0.7445985826406558 0.499977180309628 0.5000245218477964 0.5000138114362673 0.5000835472837462 0.5000141720246154 
0.9734479676896293 0.5000238424939152 0.5000198082561926 0.5000082568013391 0.5000853596793156 0.49999931061284403 
0.5155652684010298 0.49997781283776604 0.5000204760960348 0.5000078066063236 0.5000833403035003 0.49999884092416164 
0.0895916759154842 0.5000297382976322 0.500017919036342 0.5000112592295873 0.5000821207100965 0.4999989248366787 
0.07340989575829684 0.49998049894110197 0.500019644567191 0.5000119419936137 0.5000853563415174 0.49999884101707937 
0.5640078452453965 0.4999772676540485 0.5000242968946648 0.5000110750961837 0.5000834837318243 0.5000131458702817 
0.05414697313602307 0.5000278935829515 0.5000193626382045 0.5000153520821858 0.5000852005403555 0.5000012768926354 
0.9159721437408054 0.49998106667785336 0.5000216547173673 0.5000085913988634 0.5000821553567196 0.499999322506446 
0.21457663428833912 0.49997912231217023 0.5000214084531016 0.5000207417130843 0.5000835479304233 0.4999869411548523 
0.9862755541748464 0.5000224811377936 0.5000197923666232 0.5000081449424361 0.5000832328250053 0.49999939496330015 
0.9387588161523757 0.4999791871343869 0.5000199404523166 0.5000081414956556 0.5000821697976867 0.49999856839419193 
3.458336519209708E-11 0.5000236762175968 0.5000280207499983 0.5000153346942379 0.5000836996762967 0.49999979829734637 
0.3666489641134263 0.49997134872628995 0.5000194452892783 0.5000176619669565 0.5000817707291966 0.4999993470832244 
0.1574163634388387 0.49997307304037875 0.5000194930335919 0.5000121294025016 0.5000853615821059 0.5000102520288368 
0.7175060673668117 0.4999778849255399 0.5000211793170737 0.5000133845892768 0.5000817730763821 0.500009584809121 
0.7595141258632396 0.4999771138541733 0.5000189984153605 0.5000118858467537 0.5000808878107542 0.49999879759143995 
0.6431032125877562 0.49997419023926865 0.500017876932797 0.5000151025493336 0.5000833546850818 0.4999856420088411 
0.4136562597323844 0.5000280089750265 0.5000194180561435 0.500018438201867 0.5000834381032089 0.5000007606432092 
0.44601644848920285 0.5000622756945967 0.5000210741416542 0.5000198319053178 0.5000834498679498 0.49999909993192226 
0.9999999999996558 0.49997605843120013 0.5000196400297278 0.500012081722985 0.5000821785983258 0.49999843472113514 
0.3755940603344582 0.4999753371456244 0.5000245331818243 0.5000080003251635 0.5000833236962863 0.5000000194147238 
0.034762217427641795 0.4999731247658677 0.5000174143635074 0.5000082468038942 0.5000833303175813 0.49999932029527805 
0.08263890501027679 0.4999771050328749 0.5000193429908494 0.5000119695326276 0.5000819903063003 0.5000090659528134 
0.6864019529163714 0.4999792551395495 0.5000198425746284 0.5000116048814408 0.5000831903268794 0.4999982068961925 
0.16598329475339307 0.49997747928938013 0.5000244896849939 0.5000211569861033 0.5000836166819356 0.49999999527008326 
0.42385480973758954 0.4999731142912151 0.5000169138134768 0.5000120580349088 0.5000822239479348 0.4999977872066281 
0.9458151765386382 0.5000239294609915 0.5000280518664932 0.5000119448349898 0.5000836391819021 0.5000135279328279 
0.8814414028690134 0.49997747928938013 0.5000165450427798 0.5000136649092476 0.5000836012181271 0.500008711768924 
0.024443753723681988 0.49997311640867387 0.500017423412097 0.5000082468038942 0.5000833303175813 0.49999932029527805 
0.7094797974127764 0.49997419023926865 0.5000193745801554 0.5000151068135389 0.5000834147596745 0.4999991473962591 
0.4893287418152157 0.49995185586713903 0.5000176184848066 0.5000079409426059 0.5000833596282734 0.4999974655954607 
0.5818462215462205 0.499973927297315 0.5000243515467656 0.5000149535065664 0.5000830131423891 0.49999841740929735 
0.8160370996414082 0.499981186095663 0.5000172996889238 0.5000151013354147 0.5000843291086542 0.4999991503908543 
0.6100156382987842 0.5000224811377936 0.5000197923666232 0.5000082514653256 0.500082146937382 0.5000134012906023 
0.4343293560205373 0.5000280881414315 0.5000193458673904 0.5000103546662114 0.5000843829412185 0.5000118152750221 
0.5326126070334014 0.49997710679436475 0.50001704175563 0.5000144602821902 0.5000808798149247 0.4999992072972468 
0.12141861237236529 0.49997536686990357 0.5000212470340862 0.5000110867873045 0.5000821828319872 0.5000089673063349 
0.90492334514207 0.4999769065643155 0.5000246992354024 0.5000079085168185 0.5000836573971353 0.49999933571437705 
0.6212598347198333 0.4999777134938994 0.5000191161174137 0.5000197585559634 0.5000821432382545 0.49999886400034294 
0.952545240229409 0.49997385796924737 0.5000200419953502 0.5000122541078099 0.5000853490431116 0.5000104685184656 
0.6757825118177752 0.5000289851406842 0.5000255090959835 0.5000195680207907 0.5000815975377437 0.500013212015627 
0.13999612609929812 0.49997287641881283 0.5000166277127409 0.5000121684968124 0.5000848500697084 0.49999910949227144 
0.3861813871810606 0.4999752101067991 0.5000220933263364 0.5000087935320272 0.5000842724868563 0.4999834399273715 
0.729948170645919 0.5000258205915918 0.5000210259571166 0.5000081746888245 0.5000834311752264 0.5000099063650766 
0.40429214343482234 0.5000591665585219 0.5000259317840208 0.5000203134415917 0.5000842003271919 0.49999909993192226 
0.8473771376934695 0.5000297548386969 0.500021900088847 0.500019801418737 0.5000821450972447 0.5000065696700907 
0.7716906466598142 0.4999731165014937 0.5000194832546208 0.5000020876118144 0.5000810612981407 0.4999993062963191 
0.7869744944702792 0.5000293521571344 0.5000244142452526 0.500015255783643 0.5000815258064327 0.4999991026644897 
0.18508283791707347 0.4999753076184986 0.5000219143649206 0.5000088675951044 0.5000821763273933 0.5000133560970668 
0.9273744578371586 0.49997596862556437 0.5000189077955451 0.5000119798662666 0.5000848223875127 0.4999985149007215 
0.4687724893087081 0.49997157850871166 0.5000192159372154 0.5000121575471789 0.5000848512365076 0.4999993546777356 
0.10896091952343731 0.49997766651245323 0.5000211324999485 0.5000120559031398 0.5000843528179023 0.4999998550327709 
0.5079989896824298 0.5000240174100861 0.5000210857054691 0.5000137077472347 0.500042588923779 0.5000006564108598 
0.6019161791247658 0.49998066718786516 0.5000211441211708 0.5000081408071775 0.5000821766514865 0.5000098282727888 
0.013118123417278416 0.5000278935829515 0.5000193626382045 0.5000153520821858 0.5000852005403555 0.5000009842574153 
0.6650907327540041 0.49997419023926865 0.500017876932797 0.5000151068135389 0.5000833546850818 0.4999991473962591 
0.335845848432685 0.4999790278448714 0.500019218158724 0.5000207598494927 0.5000842131653257 0.5000002066186701 
0.6320997740145858 0.49997312476028494 0.5000171653570867 0.500010983786962 0.5000832385698946 0.5000133354159747 
0.275859888444384 0.4999712588025244 0.5000192677991172 0.5000120531962146 0.5000842400463638 0.4999997798235934 
0.4577780251638398 0.4999784897406195 0.5000199799092686 0.5000140662138554 0.5000807460171672 0.49998700767274945 
0.286527233762007 0.5000288733405889 0.5000217954782571 0.5000080402808313 0.5000853126523186 0.5000136749644073 
0.7798343882832534 0.49997604836270765 0.500019793834341 0.5000119723271863 0.5000836266579408 0.4999984194658783 
0.04482681794463761 0.4999712431619679 0.5000193429908494 0.5000185827742789 0.5000819903063003 0.5000091018389781 
0.1938193774517274 0.499979281005329 0.5000199151703237 0.500008041938234 0.5000821617718897 0.4999984077813231 
0.3176487299870193 0.4999752654683341 0.5000171319203139 0.5000132816215148 0.500083339862201 0.5000139162031337 
0.30894664611484335 0.4999790278448714 0.500019218158724 0.5000207598494927 0.5000842085492463 0.5000002036722205 
0.4990527149604296 0.49996865733302975 0.5000211324999485 0.5000103372632825 0.5000845294275454 0.5000118272194766 
0.8073751012669359 0.49997287641881283 0.5000166277127409 0.5000121684968124 0.5000847613124138 0.49999910949227144 
0.2649109249222018 0.49997435822757 0.5000190350018757 0.5000201798643125 0.5000819981342193 0.5000006924510175 
0.24613301357264394 0.5000273603806128 0.5000194601574266 0.5000213422400517 0.5000842147044252 0.5000002869568483 
0.13058905049642883 0.49997153078365214 0.5000210742296212 0.5000121091764875 0.5000842147461025 0.5000090103064676 
0.6545901475337756 0.4999721191849068 0.5000244635501202 0.5000153447662127 0.500084088564652 0.5000133496200787 
0.14854436049027636 0.4999714740420554 0.5000210743319883 0.5000121091764875 0.50008335045275 0.5000090404379007 
