-0.5668790103018579 -0.5681760216278794 -0.5681952621385291 
-0.5194214970160176 -0.5152010025897721 -0.5206431611465305 
0.515143365375813 0.5216025138051583 0.5139364568895675 
0.5774749241541672 0.5761243649909591 0.5766746430196502 
-0.3836959372080908 -0.3799140592129371 -0.38394660830193006 
0.42066802173079815 0.42619758228455124 0.42649402458570124 
-0.4678958758071577 -0.46412126905613127 -0.4618339199024218 
0.4310004088888105 0.43597452297320766 0.42989863350694896 
0.4590160228809287 0.46616179161752724 0.4627658014355701 
-0.49021826092096477 -0.4854485962302129 -0.4886936343393569 
0.3252294202184076 0.3298579362240618 0.33274562546467445 
0.4025369539903721 0.4086175508708583 0.412912107873409 
-0.3728112098199651 -0.3693165189110293 -0.36652448204702864 
0.4815022570755297 0.48747773270337463 0.49034287985619607 
0.37715879110656797 0.3796039248052442 0.3803385127831878 
0.2958219435550529 0.29533363096197335 0.29850414289431526 
-0.3428733760360698 -0.34791817617533066 -0.34582612683716535 
0.3936373057944835 0.3944413188802356 0.39101257777259196 
-0.4458624895019896 -0.44263470220493245 -0.44725914744937484 
-0.41496746069835555 -0.41123190907771207 -0.40888958755360133 
0.3647166340639232 0.3654905599494501 0.367153742840494 
0.27592139037889085 0.2753622689814268 0.27806565271846634 
0.34040523783931753 0.34295708923518303 0.3393427696268008 
-0.3973850835326648 -0.3940330335160156 -0.39826021337405476 
-0.4312896965338776 -0.42845347416476093 -0.423164745900998 
-0.3130272856323868 -0.309968021606374 -0.31266885141969725 
0.315334435219385 0.3229662177261461 0.3161267979743933 
0.23153050752789303 0.22898351899236646 0.2268850144519095 
-0.3584706746236873 -0.35486736086289494 -0.359033396684688 
-0.33497990969277847 -0.3317999803843638 -0.3352070288219287 
0.3498724147636747 0.35646881449547513 0.35303563766477447 
0.3041140713096722 0.3112978495551092 0.30628696874337685 
-0.2839559527471501 -0.27852577745716733 -0.28014886592986377 
0.2853607158297656 0.2864230986764232 0.2873812159726153 
-0.293592508378696 -0.2907084577066938 -0.2889032942335661 
0.21815175649750312 0.21963996343013065 0.22257611700228122 
-0.324706907025659 -0.32216942472234206 -0.3214303807168717 
0.26437059581419575 0.26877949748676894 0.2666381841996534 
-0.2224482672001803 -0.22508168966606573 -0.2239293181714578 
0.24506045606004487 0.2508242882637644 0.24680893465496942 
0.2109816943702634 0.20946008088344437 0.2130779774312797 
0.23763539893144695 0.23762834756984394 0.23964419762630476 
-0.20765898974398025 -0.2047964688103518 -0.20470129158836695 
-0.21674437475654473 -0.21475219192353773 -0.21265927823927888 
-0.23527687107501355 -0.2282934254363598 -0.23551956696711773 
-0.3037261258358367 -0.30085104907007787 -0.2994645179418734 
-0.19839814732610012 -0.19616518278965947 -0.19572071077966435 
-0.2624639406234516 -0.2595549735311381 -0.2620013121198134 
0.2018092873880949 0.20254271795077367 0.20265103397341708 
-0.2534387551157833 -0.2505341343680417 -0.2512994504268066 
-0.24413217713994123 -0.2414016561345642 -0.24135814822878604 
0.17627190375576515 0.17683157160343244 0.17591588449735512 
0.19346692165181367 0.19503224445445355 0.19226083002744906 
-0.2726505864523153 -0.2683784006379616 -0.27205772080588086 
0.25539285567233516 0.2588066276973487 0.25679438589555464 
0.15740978931864955 0.1595793675105312 0.16112232829594 
-0.16633054836940386 -0.15859585984938473 -0.1604547580402338 
-0.15420558186974923 -0.15130095601157023 -0.15399651177549056 
-0.14575221987014325 -0.14393972707281186 -0.14406227781651315 
-0.18947579631427203 -0.18749966689250183 -0.18670079720450974 
0.16658384245628577 0.16881075677873206 0.1680232558763175 
-0.04516643140358057 -0.04422588585094573 -0.04432830295273264 
-0.13772840368154649 -0.13405234151593262 -0.13638136082040883 
-0.09288145367619358 -0.09650367013767379 -0.09268323887707161 
0.14116607377379334 0.14372627840560925 0.1428972858258139 
-0.17007893393541257 -0.17125100056114365 -0.16998147981286138 
0.18335257338414176 0.186472294545779 0.1849068673173707 
0.14961712698871152 0.15226647000751847 0.15096799089375323 
-0.1287115540100427 -0.12616625169069778 -0.12775328167280786 
-0.1808352024686236 -0.1790863908896571 -0.17742252336891914 
-0.086888175672906 -0.0852206903409166 -0.08506200323456903 
-0.11977062415616634 -0.11907124860082409 -0.11843031666099689 
0.0840283850320873 0.08600949360828067 0.08517876458782198 
0.09169488054860099 0.09432073384136791 0.09359550927827794 
0.12453735835279807 0.1271015819536118 0.12645337558181963 
-0.07902183455163769 -0.07573760614335545 -0.07760602969410986 
0.1160619501533038 0.11901318511892818 0.118179568394887 
0.10843211898293095 0.11050009687425603 0.10969388638125975 
-0.07079473529496175 -0.06768483306932514 -0.06913829431407724 
0.13295299400706603 0.1352460003892059 0.1346330398954228 
0.07512246069143252 0.07842650814250814 0.07726148713285497 
-0.10369750907502856 -0.10150717493421915 -0.10178173112832312 
-0.11176290882322555 -0.10991038883619338 -0.11038732941010707 
0.06725785808417489 0.07003106950066473 0.06918461171836156 
0.09978900955108282 0.10219312415564105 0.10202559043980639 
-0.004320698175432029 -0.0035322164298052278 -0.00396225685164468 
0.059007784852604425 0.062026760463344606 0.061138889523930304 
0.0033520356069146637 0.00478060324763208 0.004303683523232533 
0.04398195104663233 0.04369722385232597 0.045894313029359764 
-0.0624147677935043 -0.060081332131677746 -0.060426452535050926 
0.011281706637989311 0.012840198467859635 0.012538454107156252 
-0.020742137712853895 -0.019574086148925255 -0.020155218602588537 
0.051280916899161304 0.05360850031856125 0.05293754211949371 
-0.013083440337369592 -0.011427711050324585 -0.011619051743639712 
-0.05414168878638249 -0.051792611717859434 -0.05235765190920995 
0.027069045091687997 0.0292640909545705 0.028743634074098284 
0.035394991608765 0.03726860721943446 0.036647531422116214 
-0.03756984398955529 -0.03565991263908055 -0.036032079836979584 
-0.02911570301332847 -0.027567949101781137 -0.028159905973014206 
0.01910026381538133 0.021187433424133404 0.020564312930109227 
