0.0 0.0 2.0999999749127705 2.8000000057106766 3.5000000844741157 4.199999975007504 
2.0 0.0 2.099999858125396 2.8000000620763656 3.499999892671794 4.199999843615715 
3.07716291816762E-7 1.7806791149855363E-8 2.099999976311961 2.800000018209626 3.5000000308855994 4.199999741812709 
1.636441592514569E-6 4.314903323307991E-10 2.0999999598971293 2.800000001804138 3.4999999936507575 4.199999909872725 
0.0 6.264829019289235E-6 2.099999980609069 2.8000000359240937 3.5000000779455944 4.199999829535301 
1.9781759281533453 4.0 2.0999998768421833 2.7999998376487434 3.499999953840834 4.199999980666111 
6.207506610146303E-8 4.5522315876735493E-7 2.099999977161725 2.799999991309511 3.4999999558455657 4.1999999832124395 
8.9074396208447E-6 3.9578780336666817E-10 2.099999981090958 2.7999998475518963 3.4999999441728993 4.1999997551659884 
0.0 1.0323338070068069E-5 2.0999998766613746 2.800000048680939 3.500000009062215 4.199999913799616 
0.0 8.661855395321544E-5 2.0999999390338533 2.799999933988115 3.5000000421577355 4.199999743987312 
2.8929742905598935E-4 1.6038088670671042E-8 2.0999999972939976 2.799999898893395 3.499999942619331 4.199999915961712 
1.1538024341192996E-7 6.201242200790215E-7 2.0999999640648364 2.7999999916193947 3.499999984935914 4.19999988173253 
2.030743121792368E-5 3.0227334318489097E-9 2.099999913862363 2.80000000635546 3.49999997558094 4.199999947450384 
0.0 4.738393721697845E-7 2.099999965272658 2.799999992804527 3.4999999782751128 4.199999858011739 
1.6418806996442722E-4 3.1607473149324863E-9 2.099999980572276 2.7999998923245886 3.5000000075469475 4.199999849669193 
0.0 2.7404024977995768E-8 2.0999999808513903 2.8000000484889367 3.5000000726655953 4.199999683197904 
0.0 3.8512574574404923E-10 2.0999999467113715 2.8000000062856967 3.499999998934198 4.199999953591886 
0.0 4.939033803135349E-5 2.0999998997781466 2.8000000228147712 3.500000018854192 4.199999844333827 
0.0 2.3354206927962667E-6 2.1000000051232806 2.79999985839484 3.500000030049013 4.199999666434702 
0.0 1.3196575671447898E-7 2.1000000051383805 2.7999998987516292 3.4999999339829477 4.1999999055494674 
0.0 4.0 2.100000015661368 2.8000000158851917 3.5000001005658636 4.19999996347229 
0.0036318652888533164 0.0 2.0999999148238677 2.7999999179627424 3.499999896881353 4.199999715411361 
1.3995020761821852E-6 2.802482021089491E-8 2.099999974893456 2.8000000623152745 3.5000000773193256 4.199999749084545 
0.0 2.6375614113180177E-7 2.099999918883669 2.7999999550604113 3.5000000178004087 4.199999873232776 
0.0 6.43262775886097E-4 2.0999999590371026 2.7999999907890687 3.499999978248907 4.199999891503913 
1.3531228811339635E-5 8.036073650052377E-10 2.100000020173295 2.8000000557813687 3.5000000050658384 4.199999932039881 
0.0 3.817234920246929E-6 2.099999972173473 2.79999998985018 3.499999963088533 4.19999990533365 
0.0 2.80548801868233E-9 2.099999943240496 2.8000000100183 3.5000000617167077 4.1999999835173 
0.0 1.7110275461412283E-5 2.099999854774755 2.8000000269234717 3.499999957868446 4.2000000238256705 
1.1537625092567297E-4 0.0010107185197628654 2.099999963865444 2.799999996658813 3.499999986828551 4.199999858725159 
0.6766010316369419 1.884156382545006E-4 2.0999999103452 2.8000000066716373 3.4999999660808676 4.199999868343914 
2.245476338770538E-6 7.950849917768617E-6 2.0999998611830386 2.8000000559769918 3.5000000339634174 4.199999990570932 
0.02953183159108491 0.0 2.0999999121611337 2.7999998824120595 3.499999978440689 4.199999818095436 
0.0 8.267918024613864E-7 2.0999999488002645 2.8000000643614156 3.5000000857664366 4.200000047298379 
3.23131820489332E-4 0.01614798390664679 2.1000000107614993 2.7999999370669513 3.4999999452336095 4.199999790070404 
0.001205505624976174 0.0 2.099999941599645 2.8000000212137848 3.5000000108487366 4.199999694857514 
0.11830455804280027 2.0433167187311776 2.0999999852247684 2.8000000338021547 3.500000052506387 4.199999963226498 
0.010519576022567787 0.0 2.099999954481104 2.7999999986221837 3.4999999910194703 4.199999875986728 
0.0 6.275133643248919E-8 2.0999998883642372 2.8000000134630216 3.4999999734785896 4.1999999752018375 
0.08236793128323625 0.0 2.1000000032790154 2.8000000694516087 3.4999998940858394 4.200000002730705 
0.0 2.464195140753864 2.0999999813463517 2.7999999085878917 3.5000001102440956 4.19999957870191 
1.6997767039205638E-4 0.009923585383525224 2.0999999448155298 2.8000000501785323 3.5000000699381206 4.199999866095067 
0.0 2.8773628831247836E-5 2.099999950266867 2.8000000022219522 3.5000001076709637 4.199999826880924 
0.0 1.0461128773927298E-8 2.0999999505337605 2.7999998427805646 3.499999905595583 4.199999999029918 
0.0 0.010391593381671432 2.0999999655382484 2.8000000121235367 3.5000000223811454 4.1999996341027 
0.0 0.0856091448388051 2.0999998630076337 2.7999998793783547 3.500000117784551 4.199999988281829 
3.735337335100115E-4 0.0 2.0999999031865726 2.800000038633212 3.499999949974227 4.200000036766111 
0.0 3.1110169044774573E-4 2.0999999814817185 2.7999999834230764 3.499999927645235 4.20000004766837 
9.580311628933059E-5 2.618983933661875E-6 2.100000005653392 2.7999998504059493 3.499999902152775 4.1999999522924485 
0.011107158972783152 0.10706963414959625 2.099999972870513 2.800000037932246 3.500000031554988 4.199999915837482 
0.029037082237308297 0.502367100163601 2.09999993462233 2.7999999710121326 3.500000026105061 4.199999892048501 
0.0036163860625539578 0.2645691518902173 2.099999869276024 2.799999861182109 3.5000000518790952 4.200000025782776 
0.7692465940568187 0.25913297326371787 2.0999998894657477 2.8000000582369773 3.4999999323572824 4.199999913635644 
0.0 0.437544718240394 2.0999999155232816 2.799999908825712 3.499999992857761 4.199999830966089 
0.0 0.8399526840384681 2.0999999842652284 2.7999999889024987 3.500000094445829 4.19999959017032 
3.7663425100188597E-6 0.0025997940725332506 2.099999956233367 2.8000000099915656 3.4999999847458745 4.199999960629136 
0.0 1.4117392251654809E-6 2.0999999577300685 2.799999933151425 3.4999999450758494 4.199999812523537 
1.6135407692900442E-12 0.0 2.0999999397434395 2.79999984733809 3.4999999005353115 4.199999962596855 
9.8148048330194E-4 0.002778335372506842 2.0999999555069575 2.800000015077022 3.4999999865693456 4.199999957861442 
0.0014046647056453893 0.016835658189616836 2.0999999773526286 2.7999998394747654 3.5000000962068873 4.199999714872187 
0.0 1.6037300725576495E-4 2.0999998558801694 2.800000015908334 3.50000005569877 4.1999998446270705 
0.23188703916717174 0.0 2.09999995831827 2.7999998507584833 3.4999999134663824 4.199999848229192 
3.9813338078115244E-4 1.328677207135539E-4 2.0999999506927876 2.799999998739632 3.4999999894138694 4.199999931674138 
1.853264531792006E-7 1.2427693500328803E-5 2.1000000075586414 2.7999998767468446 3.4999999060238554 4.199999943688551 
0.07805174366129333 0.19994872308617115 2.0999999590321674 2.8000000058340775 3.500000044266717 4.199999830302659 
4.9806007760835005E-9 0.0 2.0999999861040943 2.800000004335915 3.5000000864324115 4.199999995591632 
0.666651480781227 0.0 2.0999999670497593 2.7999999258667794 3.500000055093767 4.199999806665366 
0.0 0.0014511837741274663 2.09999994892555 2.799999908094 3.4999999723273554 4.199999813204911 
0.0 1.4784332079765332 2.0999998598150715 2.7999999353909164 3.499999993888989 4.199999739804703 
0.12668666557506547 7.549397889007392E-5 2.1000000112927704 2.7999999743695865 3.499999973530885 4.19999972439588 
0.4577349221586264 2.005081336825017 2.099999995309466 2.7999999583289634 3.4999999825715102 4.20000000888386 
7.16513540344893E-8 0.04382215967014309 2.09999992373538 2.7999999652667946 3.499999985232424 4.199999891391125 
1.3507792069140652E-4 0.2 2.099999895523034 2.799999970390669 3.4999999306216725 4.19999997064319 
0.16904708185877768 0.33796525039336467 2.099999970526795 2.799999974926903 3.500000009923444 4.199999871934217 
9.366356390751494E-5 4.7350561647105E-5 2.099999929241246 2.800000008285619 3.5000001082135963 4.199999926502546 
3.6733693398360775E-6 8.936583461528896E-5 2.0999999007120587 2.8000000335781725 3.500000019505017 4.199999824554765 
5.664299772560843E-6 1.1054376907990432E-6 2.099999953575105 2.7999999905444577 3.5000000677856624 4.199999735492265 
5.21804790734182E-6 3.0850628435469316E-7 2.0999998718843282 2.7999999796702237 3.4999999771681685 4.199999917514061 
1.536588496909279E-4 0.09531455138053271 2.0999999604795283 2.8000000054881595 3.500000075101329 4.199999956255609 
0.001102013582064616 0.02712281447033202 2.099999896932577 2.799999976297896 3.4999999653670635 4.1999998499108475 
0.21460941804211708 0.07843876827751298 2.099999928951249 2.8000000629048953 3.5000000746592543 4.199999997141141 
0.049656130982557986 0.008265889083605885 2.0999999539647036 2.7999999680179095 3.499999946036465 4.199999989068352 
3.35270651466006E-4 0.002978272792805175 2.1000000113270305 2.7999998509160915 3.4999998884050005 4.199999922922297 
0.0 0.0036821928056148517 2.0999999387075086 2.8000000097007667 3.5000000660680577 4.199999956364435 
0.08321019178809186 1.3487382008199191 2.0999998560805895 2.7999999421016413 3.499999994915776 4.199999746553684 
0.002115632416247515 0.4945749246036931 2.099999914370219 2.799999908928044 3.499999990227198 4.199999835584906 
2.8000435484141393E-7 0.0 2.0999999799261473 2.8000000328711803 3.5000000413931103 4.199999716256934 
1.3188923328516955 2.374651748965473 2.099999945124711 2.7999999604800143 3.500000044591841 4.199999735265144 
0.006897768219484672 0.045879726600746754 2.099999942006192 2.7999998522483964 3.499999968668884 4.19999980137753 
3.4547631687327226E-6 0.0 2.0999999536713516 2.7999999548763213 3.500000018160802 4.199999720111575 
1.311373390221552E-4 1.0098297412788607E-4 2.099999942535467 2.799999940885079 3.5000000666946254 4.1999997859577975 
0.0 0.2074093589960729 2.099999938397388 2.7999999336022086 3.500000078785775 4.199999709502463 
2.7617694014234036E-6 0.18594719281283403 2.099999913676436 2.800000057607045 3.500000116216916 4.199999933542947 
0.003908794127069066 8.031491275720642E-7 2.0999998789834855 2.8000000038326873 3.4999999104622495 4.1999999146774325 
2.119030438960443E-5 0.0 2.099999985018424 2.8000000028901018 3.500000094195974 4.199999985887278 
0.014698117083601492 0.06489154054887729 2.0999999750365146 2.7999999521809906 3.4999999565173314 4.199999875844968 
0.011730478978671952 0.05060107828509601 2.099999973788988 2.800000014560114 3.500000033005843 4.199999755811966 
4.411958866843919E-6 6.444927283492079E-7 2.099999956772421 2.799999986844818 3.49999998031517 4.19999989077591 
0.0 0.031086953094024514 2.099999898048459 2.7999999629768526 3.499999974582099 4.1999998283251765 
9.565874972325304E-5 0.0 2.099999861420441 2.8000000612166525 3.500000037556035 4.2000000207043575 
