-1.1455250030112996 -1.0591046974130809 -1.1079396545041456 0.001875873208178785 3.2813288094836815E-4 -1.1566748030101897 -1.1418503282724672 -1.1544221387502311 
-1.0805080128685665 -1.0856437739121767 -0.9880667017917986 -4.729283074752159E-4 -6.208718843484324E-4 -0.9455914359377227 -1.0773159722300814 -1.114687745223747 
-1.1377686625842793 -1.094231772692083 -0.9341578249932407 0.004402022717362453 -1.0278690817186136 -1.008965571089201 -0.9993391171757331 -1.1228078887247754 
-1.1205586033556012 -1.0960872882969526 -1.0370134170240681 -1.048260708059064 -1.0370524005632062 0.0011716756335319978 -0.0020470086986303163 -1.112555228573191 
-1.1435237030011156 -0.893248215074335 -3.472288311591029E-4 -0.0016788619998017887 -2.805434886284358E-4 -5.588079630473032E-4 -0.002100597056662582 -1.0651513768193044 
-1.0448234495551205 0.0010014838323713082 -3.5496195779949336E-4 -0.0016587161685316578 -2.3110331626090033E-4 -5.575633373419854E-4 -0.002063146805181929 -1.0652556729032403 
-1.144253497110515 -1.0115960294250474 -1.0360192042813905 -1.011445498339891 -1.0479347721502539 -0.05214438606408467 -1.035189043273985 -1.1148022175118462 
-1.1519999656756816 -1.1412005815080306 -0.003505006406084298 -0.0025319788613856003 -2.8024558015334457E-4 -5.887151683094504E-4 -0.0020470086986303163 -1.1409356422215426 
-1.1444831740690518 -1.1443183984247924 -0.0010076923755332635 0.001882566794195517 -2.1228795360616378E-4 -1.0965368595089617 -1.1415750367001667 -1.1170990079175933 
-1.1209962137094283 0.01055874094518705 -1.0937186853095766 -1.1012249139073953 -1.0479599886361444 -1.0917435133163023 -1.1049909494174535 -1.114833948770895 
-1.1377686625842793 -1.094231772692083 -0.9698614500919926 0.004402022717362453 -1.0278690817186136 -1.008965571089201 -0.9993391171757331 -1.1228078887247754 
-0.032121216920192874 0.0010558045611692224 -2.512459242354492E-4 -0.0019095674948544565 -0.00796998253997436 0.003265530660988208 -0.001281471985828955 0.0028473720405728375 
-1.1421955901046144 -0.918973548713801 -3.857156553649183E-4 8.957075394871858E-4 -0.0012637923840095695 -5.273125613447845E-4 -0.987206956029736 -1.0663339182201697 
-1.1420906392657635 -1.0370401560922293 0.0024656641315613514 -1.0301806753036307 -1.094666828633442 -1.0968889547150629 -1.0648490069735403 -1.1045376939902145 
-1.1205541028789263 -1.0972665434198134 -1.0743252755001107 -1.0518158486354399 -1.0362190457019302 -5.562729248776654E-4 -0.9940437407765582 -1.1126358520108868 
-1.1475162921140492 -0.7936733670676248 0.0022120998907014912 7.599993212194808E-4 0.001513734339340074 5.738205199678935E-4 0.004351144661950506 -1.1159229675860247 
-1.1455250030112996 -1.144879423897633 0.004588790322068791 -0.003385816305913868 3.2813288094836815E-4 -1.1566748030101897 -1.1417650222956062 -1.1544221387502311 
-1.1442581154091824 -1.097586294380997 -0.029519922374005803 -1.099224816075045 -1.155210983109658 -1.0818892829282158 -1.0851083925745715 -1.1187296896331178 
-1.1433900393460767 -1.015275382215911 -1.0773383031531423 0.001552638040082023 -3.215817047917064E-5 -0.006410417995976414 -0.005092408387805225 -1.1173018317641035 
-1.119786837458606 -0.9850265760385744 -1.0369944834316132 -2.7886095321413536E-4 -5.523533291256974E-6 -0.9456213913887193 -1.0041406025082833 -1.114734313496256 
-1.113499315946687 -0.8529657231899819 -0.004418298250340718 -0.0016848563518389362 -5.197587716152228E-4 0.0031201146266284256 -1.0141079147597278 -1.0646292613338006 
-1.1328251944960166 -0.003991259140583692 -0.004308080369778471 -0.002244554385498047 -3.333721779850221E-4 -7.827365602203883E-4 -0.0018194533399399566 -0.5043247645121144 
-1.1237349142371698 -1.0559562337215156 -1.1451842880932537 0.001552638040082023 -3.215817047917064E-5 -1.0944220092992403 -1.0537965977062411 -1.1182428446848005 
-1.1172278063482783 -1.097586294380997 -1.0937186853095766 -1.1010228552971721 -0.0030724535244551765 -0.014918178316373432 -1.1049909494174535 -1.1143635781694197 
-1.1142567890423667 -1.0611840425109866 -0.9695411990112296 -0.9168641307037739 0.003740599830964088 0.0018845326566783727 -0.9944966541244964 -1.122981096187084 
-1.0384148035313108 -0.783491553285826 0.002140356296104467 -0.005445336002787594 -2.4403998739954853E-4 4.3209004014742097E-4 -0.0031513641190008615 -1.068283968248884 
-1.142861042051571 -1.0574992352665373 -0.9838150686147458 0.0024170395091140315 -5.11922553447231E-4 0.0017580069499584143 -0.7831924992227377 -1.1244531838280027 
-1.144253497110515 -1.0115960294250474 -1.0941037501610524 -1.011445498339891 -1.0479347721502539 -0.05217804721407371 -1.035189043273985 -1.1148022175118462 
-1.1324523707557248 -0.9199716774867979 -0.004425089020066618 -1.5392282276080905E-6 -8.542482904832422E-4 -0.0034973904934747523 -0.0019779874099864108 -1.0767150192458366 
-0.9532354159678786 -0.019008320774374286 0.0011413456580439117 -0.0019176665791853006 -0.0016741650775145948 -0.004444721108037935 -0.0012041504614482856 -0.017638208456075555 
-1.1377686625842793 -1.094231772692083 -0.9698614500919926 -1.011445498339891 -1.0278690817186136 -1.009885173561487 -0.9993391171757331 -1.1228078887247754 
-1.128823858662598 -1.0548075497767404 -0.6045349097079565 0.001552638040082023 -5.895349145006252E-4 0.001312233287528211 -2.3619080134484882E-4 -1.1182428446848005 
-1.1433557843956896 -1.0562474927669254 -0.6695012498211615 0.001552638040082023 -3.215817047917064E-5 0.0010895496681183777 -1.0537965977062411 -1.1182428446848005 
-1.077666848754632 -1.0830603692433578 -0.9897481634197927 0.0016156340282733003 -4.523976140470287E-4 7.140921011820969E-4 -1.0780535073906006 -1.107019883480392 
-1.1355255039049488 -0.8533854675377601 -0.992165012570448 -0.002275472631079212 7.97273067213733E-5 0.0030432236728668285 -1.0011251431046622 -1.1158337965605931 
-1.1428580847617662 -1.0560171295694833 -0.9816302580255737 -0.0022686992359354542 9.132959363198219E-5 0.0016484699565538564 -1.0018836419970063 -1.1251156907633952 
-0.03369397482587 0.0010014838323713082 -3.7594806298477503E-4 -6.188262494528679E-6 -5.293813244370984E-4 -5.623593097266177E-4 -0.0021100621540788983 -0.6650407874430126 
-0.10405543051155813 -2.887006418202387E-4 -3.5797454260607796E-4 -0.0016926477882209699 -5.187913223484058E-4 0.0031287299405905137 -0.003034569231953543 -0.8677862384813219 
-1.1442581154091824 -1.097586294380997 -1.100635995138136 -1.099224816075045 -1.155210983109658 -1.0818892829282158 -1.1049909494174535 -1.1173122024285658 
-1.1372734265343356 -1.017127971986811 -1.0725925202497943 -0.9938315128252166 0.036456112932666374 7.51401362078935E-5 -1.0177922161743727 -1.1069133363803483 
-1.135255668275339 -0.5518504347035134 5.185272660783676E-4 -0.002540263817899205 -1.588709001722451E-4 4.4624110701108944E-4 -0.0089157743505216 -1.0667554757304696 
-1.1140901603408842 -0.9520173364784926 -9.887660803890586E-4 0.0016062546564660932 -2.282036837820909E-4 -5.619517806787937E-4 -0.9818527781103494 -1.1147495102300817 
-1.1433557843956896 -1.0562474927669254 -1.0773383031531423 0.001552638040082023 -3.215817047917064E-5 0.0010895496681183777 -0.005092408387805225 -1.1173018317641035 
-1.0805334018813957 -1.033491971707635 0.024341667872460393 0.00165776687774145 -5.175953094409E-4 -2.924125337973593E-4 -1.0043320547974284 -1.1147495102300817 
-1.1433002640642425 -1.0156899263540096 -1.0365572701309886 -1.011445498339891 -1.0497562352480276 -1.0369573583689824 -1.1053989843441974 -1.114813545493536 
-1.1325017014843037 -0.8481183596905219 -0.004418298250340718 -4.877819706617791E-5 -5.197544632449446E-4 0.0028712700396400694 -0.9666891903229723 -1.0668527522487181 
-1.1233605925179284 -1.13707649104482 -1.1055214533266202 -1.1340903633792083 -1.0983636149992324 -1.1150090268416717 -1.1503254181982165 -1.1188619841713843 
0.014557878390251022 0.0030546483424300336 0.0024444799305924484 -0.005532116479555146 -5.883961956205618E-4 4.320782972365948E-4 0.004181776897753752 -1.0124204028347528 
0.014557878390251022 0.0030546483424300336 0.008536386860441714 -0.005532116479555146 -2.7831581102345955E-4 -8.709862844913904E-4 -0.002038446221551523 -1.065268755256457 
-0.6822225258159673 0.0010003259374761226 -0.0019041797882539744 -0.005059366777130064 0.0016296756533785125 0.0031567437006236017 0.003007979809609565 -1.1208056498608665 
-0.7158931808995681 -0.006129978816403897 -0.001328937782629415 -0.005293419848686977 -1.122765911498438E-4 5.13543984640922E-4 -0.0013447428652389837 -0.012721616529223878 
-1.077666848754632 -1.0856437739121767 -0.9866957849123785 0.005619557945642658 -5.966885161935089E-4 -1.0316681287170826 -1.0773159722300814 -1.1153952310970778 
-1.0731666726727191 -1.0391151458368215 -1.036852446769544 -1.0301806753036307 -1.0744937013989269 -1.106213391682589 -1.0617842210912618 -1.104570935191599 
-1.1434178526535568 -0.9602368288830115 4.1436253617081016E-4 -5.198855003795831E-5 -5.672752862275865E-4 -5.474182976342573E-4 0.004032790910419031 -1.1249932784886099 
-1.1222222757528761 -1.0340321902636287 -1.0043251639291955 -0.01972948036025629 -5.117526644439734E-4 -0.9264706972816137 -1.0433478538303673 -1.1520623596540644 
-1.1257449506560007 -1.1628542570813118 -1.0917842037337595 0.006532772229569826 -4.836258646612999E-4 0.0013254837833322432 -0.0012579991018990648 -1.1159358414388147 
-1.1202107076892567 -1.0156899263540096 -0.9171263164163572 -1.011445498339891 -1.0479727683235305 -1.0369573583689824 -1.035189043273985 -1.114813545493536 
-1.1533193319955513 -1.0158273405956655 9.001868379843181E-4 -8.2114057264025E-6 -0.0016445942326018953 -6.319003312732157E-4 -1.0583611861801026 -1.0665093069545877 
-1.1435237030011156 -0.6701120103395163 -0.002062698037838485 -0.00501274544430919 -2.805434886284358E-4 3.840197569083296E-4 -0.002100597056662582 -1.0651513768193044 
-1.0644824268836846 -0.001100211160307285 0.001966397712069912 -0.0022291371119988893 0.0016803851619159522 5.412558550789278E-4 -0.001786789733218474 -0.9076133952079017 
-0.7589536277468745 0.01004012840238755 -0.016983147406970378 0.006413252869041285 -0.007771839981193114 6.102662546448225E-4 -0.0012567477199190158 -1.1264022835967211 
-1.1389116633924865 -0.006129978816403897 -0.001328937782629415 -0.005293419848686977 -1.122765911498438E-4 5.13543984640922E-4 -0.0013447428652389837 -0.012721616529223878 
-1.1357200536908114 -0.9806888486616212 -1.0385487567333418 -8.188561665040524E-6 -5.197544632449446E-4 -4.4177299595148664E-4 -0.9660525027352377 -1.1145046304288209 
-1.103974447792558 -1.0872001360289791 -1.0747895177745521 0.015045754138868994 -1.061863734590952 -1.0975184886832365 -1.0624732751670372 -1.1162320990306507 
-0.9793670022115553 -0.006129596920445765 -0.0018634610249246401 -0.001820345704553826 -5.889541026190101E-4 -0.0047065571731838805 -0.0012770423031083881 -1.0316099011372386 
-0.7589536277468745 0.009683651766305397 -0.016983147406970378 -0.002520318765048795 -1.252753440059034E-4 0.003287578466571699 -0.0013447428652389837 -0.006176781595523142 
-1.1143576608093255 0.0010014838323713082 -4.4538201468013994E-4 -0.001785728724275348 -2.30389349776082E-4 -5.571209973052262E-4 -0.0019960934187915544 -1.0682998224494107 
-1.0555943023038603 9.925556729415302E-4 -0.004369869776071831 1.087504232413672E-4 -5.356965742111196E-4 4.830416941544362E-4 -0.002006437398770705 -0.6686619888779292 
-1.0805273562443913 -0.9772479499198937 -0.9689212383649743 -0.0025125689006841355 -4.2927570481906565E-4 0.001069963069533266 -0.9670930006753389 -1.1110101166237512 
-1.1354078656402893 -0.8535107260723965 -0.004687328741559742 -1.0434484437096044E-5 -4.0125258692405444E-4 0.0029760512721645634 -0.001505923166088996 -1.0653323392610925 
-0.03369397482587 0.0010014838323713082 -3.5680494906808037E-4 -0.007261200611589444 -5.358600936173373E-4 -6.006766641580747E-4 -0.003103127759797708 -0.5175513964956584 
-1.1372509943977647 -1.0742861188763797 0.0010763907418552096 -0.0022687824546518604 -6.962018117021504E-4 4.405570326385946E-4 -0.0015242067875558844 -1.1428236736427149 
-1.1173138773916305 -1.0126887420913573 -1.0280090075400614 -1.0510657886345276 -0.8720120925319539 0.0013280867527920874 -1.004404325155999 -1.081172280848237 
-1.0732670638779136 -1.0447310945489503 -1.0998821052974324 -0.851565584371947 0.00197776946546344 -1.0068613982029524 -1.0615375039265067 -1.1047945011351843 
-0.7281016908600221 0.003469302275751277 -0.003034414019380871 0.006413252869041285 0.003268510242449129 0.003285072146863676 -0.0013126532172580336 -1.111014244214723 
-1.128965272186886 -1.1140765923606701 -1.098949425521721 0.006532772229569826 -5.31565832514792E-4 0.0013254837833322432 -1.0927524420047612 -1.1177002727136796 
-1.125161052370333 -1.0867118615301115 -1.0564042068205943 0.002470940796463039 -5.307916935487742E-4 -1.0516600538862866 -1.0881820666932567 -1.1108795491323977 
-1.1372509943977647 -1.0742861188763797 0.0018617600822877787 -0.002285767678481347 -1.8205970405789883E-4 5.581087017396641E-4 -0.0015242067875558844 -1.0726103895217964 
-1.1425862987253572 -1.081252179979808 -1.0578697219789408 -0.0022578135835986603 -2.8090905155993273E-4 3.10086803935571E-4 -1.0658881971596124 -1.067075176585397 
-1.1476121961812535 8.206570481444908E-5 0.0010121085036155007 7.535606377183429E-4 0.0015158645313134767 0.0034078331608265264 0.004307559435075375 -1.1159229675860247 
-1.1209962137094283 -1.097586294380997 -1.0937186853095766 -1.1010228552971721 -1.051270583620092 -1.0731411051542654 -1.1049909494174535 -1.1143635781694197 
-1.125161052370333 -1.0872080438658567 -1.099483441760077 0.002800950495512256 0.008040539108011254 -0.005393998166232317 -1.059831936055218 -1.1186611440124028 
-1.1437729350974335 -1.1476959405953333 -1.5263539379427164E-4 -0.004950775872684604 0.008192084515033603 4.992092853070814E-4 -1.1566961621207426 -1.152524447546006 
-1.0805334018813957 -0.983644217432376 -0.9785635467285556 6.769951385108544E-5 -4.756419880870598E-4 -0.9459349533090209 -1.003596035493262 -1.1105045004700793 
-1.0805334018813957 -0.9850801901199027 -9.887660803890586E-4 0.00165776687774145 -3.2949900591012853E-4 -2.924125337973593E-4 -1.0043320547974284 -1.1147495102300817 
-1.1164613252819062 -0.9969061322404486 -0.9698614500919926 -1.011445498339891 -1.0293951957564698 -1.009885173561487 -0.9993391171757331 -1.0711405594789372 
-1.0775296104276 -1.097586294380997 -1.0941611287910216 -1.0990199241044054 -1.0374028443531276 -1.1164976381316305 -1.0563175380077865 -1.115117773326952 
-1.1432250616853683 -0.9557505558247422 0.001966397712069912 -0.0022578135835986603 -1.5981417910292096E-4 5.579575819755901E-4 -0.0018051526351406007 -1.0690515132026335 
-1.1405321214182127 -1.013743169391458 -1.0236129386836958 -1.011445498339891 -1.0479347721502539 -1.0369573583689824 -1.0029571686846925 -1.114813545493536 
-1.1210408408265666 -1.0391151458368215 -1.036852446769544 -1.0301806753036307 -1.09831236760727 -1.1002608818381745 -1.0643097471187788 -1.1047667457162633 
-0.9806851412551271 -0.007145815514525644 -0.004418339523298781 -0.001820345704553826 -4.3403255063630423E-4 -0.003270793523984551 -0.0013038514728597923 -1.0832844514110112 
-1.0714482429897543 -2.0907333764219604E-4 -0.002520726792388502 0.009190860815935786 -2.8377693501933E-4 0.0013274751291322854 -1.0639748093380768 -1.06742048199189 
-1.1434597362276746 -1.0156899263540096 -1.0349392284773167 -1.011445498339891 -1.0479347721502539 -1.0369573583689824 -1.035189043273985 -1.114813545493536 
-1.0444202329813257 -0.9193284493406172 -0.004686223232231982 -0.002745650086840144 0.0036079419490625507 -1.0540031312599472 -1.0440433670587344 -1.0769049687504624 
-1.1433557843956896 -1.0562474927669254 -0.6695012498211615 0.001552638040082023 -3.215817047917064E-5 0.0010895496681183777 -0.005092408387805225 -1.1182428446848005 
-1.1590407734987722 -1.1368095088357903 -1.0852989604151402 -1.1647012592234536 0.004112962487021473 0.001176616268788078 -1.1414217444166679 -1.1354547411095566 
-1.0649885740978167 -0.7936733670676248 0.0022244659417256637 0.001034989297560296 0.0016187764599353335 4.488582710381519E-4 4.174991152093204E-4 -1.1159229675860247 
-1.0805334018813957 -0.9850801901199027 -0.9449867987731435 -2.7886095321413536E-4 -3.3450726936469873E-4 -0.9456213913887193 -1.0043320547974284 -1.114734313496256 
-1.1590811316986698 -1.1698839294677739 -1.1104554672866123 -1.164992047143685 -1.1575213112523475 -1.1154460080144506 -1.1308038310942823 -1.1358828867249406 
-1.103974447792558 -1.0785124308976395 -1.0747895177745521 -1.0351209617928987 -1.061863734590952 -1.0982884465888598 -1.061648802363267 -1.1162320990306507 
