-50.599980852917085 -30.98472916592439 
-69.95108991244174 0.05939337031391763 
-50.599980852917085 -30.98472916592439 
-59.2465423834377 -15.53677832027488 
-62.06252722063786 -11.613229570251388 
-56.62883399996149 -19.338332003294422 
-57.45490468399731 -19.325929953729087 
-65.86030558209342 -7.724222447001525 
-63.11875559992674 -11.588093429167806 
-54.793358889663644 -23.21876128433987 
-64.31802082577721 -8.59808477483784 
-64.75617983450225 -7.776276860621933 
-69.03613610105374 0.0503094561370988 
-60.30967404579731 -15.480101457212491 
-66.27720872660987 -6.41124410877763 
-68.49455526231344 -1.6104908862214748 
-51.55940275735156 -29.391575377023702 
-64.71800223528828 -7.852873225959609 
-51.42309723155274 -29.81374570448339 
-67.93672476721464 -3.845176899362297 
-67.01835628240562 -3.8623082024342636 
-53.93962899098105 -23.25017344767457 
-61.46549574581229 -12.84722540226511 
-66.13168139641374 -7.194968640946654 
-57.82186254095707 -19.06760513135172 
-59.02993766951957 -16.171773085946292 
-63.75741864266 -10.26832101696974 
-51.128174339511865 -30.21676541243362 
-66.73835652311381 -4.44482423386723 
-50.736103306813334 -30.610598184720164 
-68.16609535901847 -3.0166338979450193 
-61.00305507423854 -14.110476151695785 
-56.426394893273915 -19.941648955896145 
-58.56285101804153 -17.596090880375424 
-55.923600757305465 -21.381461912232133 
-55.049849080299175 -23.00855095227224 
-52.27826032187691 -27.232645232463177 
-52.183272735867185 -27.570010064753905 
-53.800191286267626 -23.687091606445527 
-61.231501792916674 -13.837267473365436 
-61.79175088072872 -12.010480832948213 
-52.794242796678496 -26.11222316093777 
-68.08561750256314 -3.4664182796788654 
-60.51272160332555 -15.232529494043774 
-66.59010885765466 -5.130213302730054 
-61.68019138382071 -12.439376138649772 
-60.712511452254866 -14.960444558299567 
-63.61866177223628 -10.706564855601137 
-68.75695243861517 -0.4619437592552911 
-66.83064646456012 -4.260987299663974 
-64.11723227185055 -8.897621982719222 
-53.38156992191573 -24.831854410101098 
-51.016904205308066 -30.4294126964802 
-66.39171255114728 -5.709803480777726 
-55.79294581486002 -21.61708694105349 
-64.08080561184654 -9.244463891359594 
-68.65185655863742 -0.7829197564432331 
-53.68153059265433 -24.01815493525827 
-68.41043391042273 -2.0088847634433025 
-58.90194107659194 -16.62465783712169 
-68.28069835081085 -2.568878647216606 
-63.47722074068088 -10.872188146272572 
-68.89510192092065 -0.1416531944567754 
-63.837618839988934 -9.783657397029094 
-58.00672818392365 -18.90475818843018 
-63.959737234713536 -9.647768447397484 
-58.152691232574796 -18.660867702143314 
-53.19852069064119 -25.35807409512664 
-58.66432600202274 -17.13364183010468 
-66.55282249901698 -5.235418279018226 
-61.3331391460396 -13.332145338112555 
-58.71467644759321 -16.927336630536775 
-52.54865603586177 -26.435051019165464 
-66.32831790389127 -5.884392441175061 
-56.36607936486617 -20.117155493322045 
-51.967823687606966 -28.525421887518327 
-55.49055434933839 -22.307836699443943 
-60.90385835759438 -14.513323678093547 
-53.51583704743857 -24.507352197578367 
-51.82510334765895 -28.919498714121396 
-53.206541279387174 -25.03643275909147 
-52.97302243927097 -25.643238864395897 
-58.1863175749557 -18.265494396169593 
-55.20706058088761 -22.70734400912351 
-52.10518051836994 -28.095407238123034 
-68.33144131785892 -2.318222570071942 
-53.578217587049316 -24.323555406455913 
-60.83786988526997 -14.683145140239533 
-58.38657764730278 -17.878788579659943 
-66.03880502424138 -7.382267947493443 
-56.08633595119908 -20.90522893446213 
-52.44009672099555 -26.825041301045214 
-51.82510334765895 -28.919498714121396 
-67.01783401561103 -3.8631475051735387 
-63.36635868942612 -11.263197669281283 
-61.29219328280585 -13.461622150562492 
-53.92792480758224 -23.28444806890549 
-58.96037946554503 -16.354182191080746 
-56.08633595119908 -20.90522893446213 
-52.9870791343446 -25.611297099515028 
