1.0 0.5 0.5 0.5 0.5 0.5 
0.0 0.5 0.5 0.5 0.5 0.5 
0.5223044590933676 0.49999569523811577 0.5000007269969234 0.5000011108425332 0.49999779556629487 0.5000038654265438 
0.5917389230486023 0.50000043911697 0.5000008509280425 0.5000033664838754 0.5000047548298101 0.4999954639726387 
0.9900132565827318 0.49999433938893695 0.5000008144357115 0.5000100782720218 0.5000108832831752 0.500001166215935 
0.36593932169676285 0.5000027968249203 0.5000030974406549 0.5000014349305472 0.49999928638739977 0.4999929627139939 
0.5422213494295486 0.49999808067061374 0.5000003495766647 0.5000060232325872 0.4999973327446737 0.500000282811543 
0.11509583240814415 0.5000012531614129 0.49999483097878467 0.5000026085660769 0.5000001141167604 0.5000049908435505 
0.5123642097672296 0.5000080373985321 0.4999867023014803 0.4999980200893306 0.49999504751984924 0.5000049794401915 
0.4727859963555635 0.5000022324236 0.4999986216438172 0.5000113099644832 0.4999996659811147 0.49999656139220633 
0.12554681704957268 0.49999250710497317 0.5000019507282406 0.5000026436451922 0.500010351318309 0.49999901170168104 
0.08366775467458362 0.4999986221607173 0.49999600263943195 0.5000044907189032 0.4999981039808636 0.5000026102484754 
0.35633614863522656 0.49999988289196773 0.4999981120111985 0.5000063625075508 0.500000211796393 0.4999986966226788 
0.05225656396910951 0.4999975776543742 0.4999991765688755 0.4999991705906628 0.5000000886533253 0.500002486328066 
0.1046317513148054 0.49999857918327417 0.5000039768702498 0.4999994747027725 0.49999046262489855 0.5000024353372762 
0.5818374485894826 0.5000029304306759 0.500009004533724 0.49999777728968725 0.49999688624600647 0.49999555083410835 
0.9295844322123386 0.4999990667557546 0.49999884968653907 0.5000001845975408 0.49999932683310494 0.5000002516120199 
0.5024543164710311 0.4999981309134839 0.49999900527458896 0.49999886609805355 0.4999995767719368 0.5000013234004586 
0.7224096844284346 0.49999931662526625 0.5000038567368263 0.4999944457969341 0.5000086049277557 0.5000008270691442 
0.41411855500832556 0.5000020755206063 0.5000000417798607 0.5000045852682812 0.49999705244141285 0.4999916909435608 
0.7429830073571185 0.5000002504983927 0.5000086712224742 0.49999719380456326 0.5000020262115392 0.5000099762986777 
0.03132267006639234 0.49999658746511727 0.49999943260346463 0.49999865052193015 0.5000002272286406 0.5000022555104923 
0.7020169074052404 0.5000039462259974 0.5000010692548935 0.49999471710109533 0.4999959429840319 0.5000065094242363 
0.020894559787139055 0.4999927568798643 0.5000048785801677 0.5000050707404511 0.5000039646363216 0.5000010791783842 
0.3370278043802424 0.4999994743951241 0.4999955911030071 0.4999929174252841 0.5000060261998189 0.4999981169095575 
0.5521339801791001 0.5000029181510741 0.4999956873689423 0.49999915552691354 0.5000017835542891 0.5000030075955957 
0.42384481395351825 0.5000022136419838 0.4999977724031492 0.5000004831927514 0.500001312002287 0.5000038021890185 
0.9396926508640199 0.499998616226495 0.5000040368008658 0.5000055624578472 0.49999716205666056 0.5000051784446087 
0.8782645340184707 0.4999967862458899 0.49999776289079784 0.4999914523834683 0.49999939741731986 0.49999735346621627 
0.774056281356171 0.5000032049448395 0.4999990494912298 0.4999982031581324 0.4999855739968179 0.5000019528061895 
0.5620373306507933 0.500003660062426 0.49999681516763117 0.49999975534438407 0.5000008810694754 0.500004123932933 
0.8053548368202837 0.49999870577046396 0.49999975110704503 0.49999310673070274 0.49999658490112975 0.4999927322099448 
0.2881865229844269 0.5000024287815218 0.5000056693165743 0.5000047762698765 0.49999069123160894 0.50001077783106 
0.6314901106504616 0.4999986561316284 0.49999695607866546 0.49999927436547603 0.4999957519443074 0.49999577113244614 
0.8262434403590591 0.4999983910872144 0.5000019267587462 0.4999899525761903 0.4999996531860675 0.4999904184555956 
0.23846795306597796 0.5000003964346178 0.5000021511449129 0.5000003152779424 0.49999424129291853 0.50000106904677 
0.7533393915703337 0.49999837374540385 0.499999978098859 0.5000028097799798 0.4999971924694625 0.5000013713361491 
0.4433371234163061 0.4999889875552679 0.5000038831331917 0.49999978867474276 0.5000034551000352 0.4999900217151457 
0.7636858943323142 0.4999893332637205 0.4999976302009291 0.49999411476887295 0.4999979692964775 0.5000030266225297 
0.34669059146731396 0.49999900483847726 0.4999989062533359 0.499997400316678 0.499998960248995 0.5000006855084228 
0.9599259005487224 0.4999980164358894 0.5000007914952652 0.500003632718443 0.4999934796675736 0.5000056702829393 
0.07319963696033599 0.500000900197775 0.49999716579267306 0.5000030711429474 0.5000014336381308 0.5000030892497236 
0.3175973071003888 0.500002055482658 0.49999280309609057 0.5000053502586949 0.4999991064941623 0.5000053709043576 
0.8471156941121443 0.4999929631897623 0.5000034105005586 0.4999923705743622 0.4999990022996943 0.5000026043391419 
0.1463551727867612 0.5000004306540626 0.49999742355366056 0.5000009429297951 0.5000000919969747 0.5000029401826448 
0.6918435063956622 0.4999979101574242 0.4999922811370291 0.5000064604065946 0.5000103295811632 0.5000054397495025 
0.5322661944514985 0.4999963892350191 0.5000107757895318 0.5000018662614463 0.49999406964331927 0.49999890014834986 
0.09414871348823314 0.4999968109090435 0.4999935043745244 0.49999857601287484 0.5000099416020286 0.5000043272055462 
0.8679010050326724 0.5000011079806952 0.4999998799193094 0.5000040648658399 0.4999988230872473 0.5000078116924364 
0.04179461448920665 0.4999997957354751 0.49999921596222524 0.5000014657313336 0.5000010669687499 0.5000001273161521 
0.21822408603731336 0.49999893384501154 0.5000018000645765 0.500001874937153 0.49999772372384926 0.5000002824652229 
0.7844658192435137 0.49999196056472855 0.5000043951053893 0.5000034729266642 0.49999498996180686 0.49999882626814834 
0.7948981250361924 0.4999928145399213 0.5000002857170645 0.4999859409360968 0.5000008699792958 0.4999945889199516 
0.8575390592214744 0.4999972817738182 0.5000020614056628 0.4999937657529072 0.4999962247050158 0.5000002342238764 
0.010446282565049175 0.49999630790982574 0.4999984912402696 0.499999274367415 0.5000006866735548 0.5000022975908067 
0.22835183481352994 0.499999858820069 0.5000014841652561 0.5000023835809025 0.4999963895695252 0.5000002007699075 
0.969978649860888 0.4999985644130815 0.5000026375448253 0.5000081463946694 0.4999967596001537 0.5000074737618353 
0.6615437587449355 0.5000037148163272 0.49999558210388373 0.4999980744220418 0.49998927287284683 0.5000054801969989 
0.6817306606216353 0.49999852496327785 0.5000011573933484 0.4999921661207252 0.4999986590189596 0.4999938675870193 
0.6414864528526903 0.5000027484266082 0.4999998260553077 0.499999153509715 0.49998645236913686 0.5000021107500071 
0.433571757124829 0.5000043772103526 0.4999992244258665 0.4999826027293785 0.5000053336494885 0.5000061228707494 
0.6514957038106612 0.4999975650418488 0.5000009081934721 0.49999473151821455 0.49999611894297685 0.5000008858935899 
0.3273341170671922 0.49999888489874417 0.4999987753176786 0.49999870955876047 0.4999988217302053 0.500001879386453 
0.1773898569383932 0.49999275552397743 0.5000019233755761 0.5000056706318559 0.5000167274664897 0.49999411815711853 
0.3077970651433175 0.4999926534776166 0.5000062286831131 0.5000053809644099 0.4999959222243986 0.4999947657861016 
0.46295132195080213 0.5000001175678576 0.49999738658426723 0.500006369537477 0.4999960865567127 0.49999912140980457 
0.16704768032815978 0.5000033503708019 0.4999905220443717 0.5000042696383123 0.49999859241405 0.5000047109230631 
0.4044562370440223 0.49999454500184265 0.5000042086487733 0.5000006909468192 0.5000132099960041 0.49999592366297496 
0.3755555032923706 0.49999884350820833 0.49999662154767804 0.4999966368791353 0.5000043390680269 0.49999976935135887 
0.06273751134543598 0.4999979323701714 0.5000011036676408 0.5000038540354504 0.500008520241167 0.4999948549777514 
0.5719153005077009 0.49999315364433544 0.49999338930962295 0.4999920071123925 0.5000031129221063 0.49999584121978086 
0.7326874835638268 0.5000085746587715 0.5000032723385831 0.4999904461569064 0.49999187586564825 0.500010935539373 
0.3851838892092352 0.49999795148803766 0.4999982050573469 0.4999975165232382 0.4999989491570747 0.5000020869508103 
0.2484613176543622 0.4999996412060252 0.5000002810232301 0.49999960023136575 0.5000007490979252 0.49999975684638237 
0.8885428342293317 0.49999006265501683 0.5000036283668755 0.5000138989402629 0.4999853451124618 0.500005403067543 
0.20808475117772152 0.5000035484598133 0.5000103503545552 0.49999866077240895 0.49999895940145467 0.4999986386096215 
0.4925554092057095 0.4999991808235273 0.5000021873100324 0.5000089259946545 0.4999968624630135 0.5000005917819361 
0.949805970928402 0.49999223326045306 0.5000040494895018 0.4999923622815161 0.5000010840358237 0.49999625473119486 
0.1359503878418051 0.49999942170226996 0.4999971506885184 0.49999908813105165 0.49999371136073234 0.500002804258864 
0.1567082166725553 0.5000062626091668 0.4999956021262767 0.5000140850705956 0.4999997128744758 0.5000002027784108 
0.6716347845273545 0.499997147602641 0.5000078021538504 0.5000078295529603 0.499997772310148 0.49999743982168404 
0.8989044139649087 0.49999669800723284 0.5000027323727091 0.5000064995684418 0.49999956156583925 0.5000005032046173 
0.29801033471761434 0.5000013219081313 0.5000034390602924 0.5000133699393801 0.49998985068528384 0.499996625901417 
0.6215248488577251 0.5000013102034933 0.49998924715927073 0.5000069157545737 0.4999974813421142 0.5000027824176846 
0.7121883235420514 0.5000039248644172 0.5000063779782493 0.49999746634283704 0.4999952849248602 0.49999727529220356 
0.9799315948506644 0.49998962462728125 0.500003955935105 0.500011544161587 0.499984814824577 0.5000030139283419 
0.6116062137299354 0.49999761733104736 0.5000061397128888 0.5000070516873683 0.49999788869918765 0.49999845281722155 
0.2783127991636489 0.5000012831893959 0.5000100582122727 0.49999538689188455 0.4999925422445386 0.5000014744699234 
0.18767597767631172 0.4999928357797192 0.5000018625078283 0.5000049082192031 0.5000169862270565 0.4999937486029228 
0.9193277381718145 0.4999980085561592 0.500002320290902 0.5000117206123786 0.499998088429163 0.5000014175463381 
0.4531201229814549 0.49999736519752946 0.5000047486928073 0.5000068095079556 0.49999611916883235 0.4999964177963116 
0.8157912960053462 0.5000043495407696 0.5000013918690632 0.5000032047194879 0.49998469236170723 0.5000043568169354 
0.19788548961454033 0.5000013441000564 0.4999966509859594 0.4999957380533339 0.49999628802957685 0.5000031709193852 
0.4826777931287798 0.4999906771671536 0.5000038375903376 0.5000039499914539 0.5000048177664315 0.49999717043898045 
0.2584671017116768 0.49999987238870475 0.5000002529416057 0.49999917905115776 0.4999999889261372 0.4999998400004191 
0.6016642731519979 0.4999898533397222 0.4999955126408639 0.49999330045260115 0.4999898387585888 0.5000128241816109 
0.26838001208412554 0.500000314213258 0.5000017377137883 0.5000031964664039 0.49999586348380237 0.5000000454712042 
0.83668239447826 0.4999915033916574 0.5000044104294118 0.49999225065213826 0.49999697514645947 0.5000037952305647 
0.9091336950889336 0.49999723059422985 0.5000026347492992 0.4999858760340958 0.5000025088976778 0.49999220871638606 
0.39483557847616074 0.49999236616211085 0.49999810571545394 0.5000023271760725 0.5000102801657598 0.5000001700714088 
