1.9827266931533813 1.0928697884082794E-4 
0.753803551197052 1.614264726638794 
1.9827266931533813 1.0928697884082794E-4 
1.684322476387024 0.4072412848472595 
1.0660135746002197 1.2740726470947266 
1.4745705127716064 0.7817172408103943 
1.7056446075439453 0.3524417281150818 
1.093910813331604 1.1945946216583252 
0.7806215286254883 1.6034218072891235 
1.5135436058044434 0.7503999471664429 
1.205427885055542 0.919409990310669 
0.9904218316078186 1.4640655517578125 
1.1809946298599243 0.9681738615036011 
1.1954922676086426 0.9382172226905823 
0.850731611251831 1.5992872714996338 
1.2236541509628296 0.8887255787849426 
1.0531034469604492 1.3100732564926147 
1.7816295623779297 0.17476536333560944 
1.5572303533554077 0.6918991208076477 
1.814695119857788 0.11408534646034241 
1.545620322227478 0.7099034190177917 
1.8424928188323975 0.07343052327632904 
1.6292904615402222 0.5452743768692017 
1.0189913511276245 1.3993343114852905 
1.7958389520645142 0.1471349596977234 
1.7456839084625244 0.2536846399307251 
0.9484832882881165 1.5366982221603394 
1.129584550857544 1.0947524309158325 
1.5702192783355713 0.6697187423706055 
1.4514883756637573 0.7920632362365723 
1.093910813331604 1.1945946216583252 
1.6388471126556396 0.5222764015197754 
1.9207431077957153 0.010246098041534424 
1.6197727918624878 0.567537248134613 
1.600678563117981 0.6098950505256653 
1.75502610206604 0.23207342624664307 
0.8807723522186279 1.5932518243789673 
1.3264333009719849 0.8042144179344177 
1.8028043508529663 0.13443028926849365 
0.9999872446060181 1.4436272382736206 
1.1511688232421875 1.038254976272583 
1.2621383666992188 0.8404520750045776 
0.9745813608169556 1.4948701858520508 
1.1375597715377808 1.073412299156189 
1.2320451736450195 0.8762937188148499 
0.9244645833969116 1.5650125741958618 
1.1431888341903687 1.0586637258529663 
1.0646017789840698 1.2780476808547974 
1.668568730354309 0.4477531313896179 
1.412110447883606 0.7993329763412476 
0.9318785071372986 1.5573079586029053 
1.2922123670578003 0.8174671530723572 
1.1611759662628174 1.0135822296142578 
0.9063326716423035 1.5801174640655518 
0.8154523968696594 1.600029468536377 
1.862348198890686 0.05044710636138916 
1.981186032295227 1.4111213386058807E-4 
1.2434052228927612 0.8611711263656616 
1.6481305360794067 0.49941349029541016 
1.9482675790786743 0.002899840474128723 
0.8154523968696594 1.600029468536377 
0.755746603012085 1.6131293773651123 
1.723097324371338 0.3084127604961395 
1.885776162147522 0.02967122197151184 
1.274528980255127 0.8295214772224426 
0.8734583258628845 1.5955073833465576 
1.0098280906677246 1.4212685823440552 
1.2502474784851074 0.8530024290084839 
1.028498649597168 1.3755520582199097 
1.668568730354309 0.4477531313896179 
1.9478460550308228 0.002970866858959198 
1.8760249614715576 0.03750770539045334 
1.6591159105300903 0.4718288481235504 
1.121532678604126 1.1167569160461426 
0.9451494216918945 1.5412119626998901 
1.5313482284545898 0.7296091914176941 
1.103206753730774 1.1681177616119385 
1.6104578971862793 0.5886144638061523 
1.8273223638534546 0.09439864754676819 
1.412110447883606 0.7993329763412476 
1.772637963294983 0.1933690756559372 
1.7370660305023193 0.2741919159889221 
1.719570517539978 0.3172135353088379 
1.0306453704833984 1.370050311088562 
0.9078797101974487 1.5790282487869263 
1.3875120878219604 0.7999959588050842 
1.5836577415466309 0.644610583782196 
0.9681466221809387 1.506239652633667 
1.044380784034729 1.333841323852539 
1.8273223638534546 0.09439864754676819 
1.34536874294281 0.8012118935585022 
1.5313482284545898 0.7296091914176941 
1.1036133766174316 1.1669644117355347 
1.1714531183242798 0.9894272685050964 
1.731703281402588 0.2871984541416168 
1.6592849493026733 0.47140082716941833 
1.9094454050064087 0.015139162540435791 
1.1122380495071411 1.1426241397857666 
1.461161732673645 0.7883854508399963 
0.9681466221809387 1.506239652633667 
