0.005587450982388248 0.8001865475922476 0.4035182059177997 0.2073393503968103 0.40273317968089084 0.4045131671334028 
0.034278772424112744 0.7985711914919131 0.4031163243101097 0.20202965658196195 0.40086780057312327 0.39917535031054097 
0.05481772031231305 0.795030437563025 0.4016323508414407 0.20163456063410334 0.40175008470564155 0.4001916332340999 
0.4326592069020676 0.8005583188617252 0.39972519595114103 0.1996320267955564 0.4004838842277223 0.3997928545517008 
0.40120355456535006 0.8004794884456984 0.39994782414010993 0.19931006687810257 0.39794134245178514 0.398550836657189 
0.16829654036168284 0.7996061149370619 0.3961862797037293 0.20430961579984555 0.396694120081489 0.3965842759395384 
0.9891777816337484 0.7976055561716087 0.4006772487208685 0.20099892613915546 0.4006245549629159 0.39885048943970663 
0.974248569063937 0.7996248365174472 0.401229290963863 0.20250803057289096 0.39876911309197943 0.39759280669498764 
0.3346227825826986 0.8016631732478232 0.3994168388996009 0.1983377200089814 0.40119024222574373 0.40031799914460486 
0.8820479862434334 0.8026758513844705 0.40315497316478927 0.1963072575014767 0.4037122895190569 0.40046100496671316 
0.9045849815353495 0.8026408027348735 0.40155755280730954 0.20081250602422876 0.40177252601703195 0.40112052158408507 
0.04567035618161929 0.7997728900981097 0.3983470588681305 0.20100311999389828 0.40296823126510883 0.40103605483493376 
0.9628176370808816 0.8030897389726326 0.39565972548137684 0.20468077126794207 0.40165839499813416 0.40179575905750836 
0.028138161099008983 0.7989299296812912 0.40224696762842166 0.20146253719976637 0.40017279868898253 0.4006252204066712 
0.9001853502220605 0.8023192214377362 0.4009885363672928 0.2032040094090042 0.40416734082523237 0.40368688804459235 
0.12304559845131458 0.7995989310559197 0.4008038214186781 0.19877617696947095 0.402236449975124 0.4017495492096031 
0.9187333827013374 0.8046156210283198 0.4005028039894665 0.20112864820434107 0.4007839850936231 0.4011886447660332 
0.005371069299599902 0.7994625842361786 0.4008597009096387 0.198824232825641 0.3981695336091983 0.3982827077860295 
0.013111977610642176 0.7994765139773959 0.40358585275350517 0.20211324051662224 0.39743531499196316 0.40091810854702575 
0.322436480849171 0.7988806522140814 0.40098979100775184 0.20020842019002777 0.3992979160642641 0.4008596897746012 
0.10747084947670099 0.800749402297627 0.3993652837668408 0.20041915434205315 0.40288174599747484 0.4009894068614883 
0.07970240061054318 0.8002815027729224 0.40031531708695556 0.20125124310848838 0.40013289222167436 0.40130663870487937 
0.10935699526636886 0.8003504154660454 0.39910015562295514 0.20096584813654647 0.39817427546487455 0.3996905493233278 
0.16281721938000926 0.7989463576872529 0.4002587284333928 0.20040466093327644 0.4008007410518882 0.39929068954630664 
0.04735265066160787 0.7993167242751626 0.398883003273805 0.2016649257816967 0.4019840894223027 0.4002888713313646 
0.3884315756152737 0.8016299237234281 0.3993061629139059 0.20029109250806104 0.39978765683560996 0.400366773598849 
0.016242974099882717 0.8054631768863231 0.3969898314085919 0.20038782464492683 0.4003618684598712 0.40342901093325045 
0.09072886511077645 0.8010424408753863 0.4009353748932436 0.19907848815692253 0.40288173951579376 0.4024412615719268 
0.40590404109999595 0.8011255830114357 0.4007013050216703 0.19807287106780153 0.40314207589041734 0.4009834765309723 
0.196234046945846 0.7991344533340755 0.40165620278348735 0.20056708332563314 0.40073975478738305 0.3998112052050823 
0.32939587751730043 0.8011038604118237 0.3992760572171165 0.1993786515373305 0.39744284822173265 0.40063709476696524 
0.9695585828585205 0.8029463093609339 0.4010324121842993 0.20049957118760106 0.3943621875892432 0.4018127924808498 
0.3419783924778894 0.8002555207714525 0.4013852738273633 0.20101037018586174 0.3994015083175646 0.40101691075799883 
0.13450163051277575 0.7977706094404187 0.397516807452626 0.20354576515187245 0.4058436390228191 0.399433654709045 
0.1632224143679156 0.7985416617199685 0.39983067496845187 0.20118283953022603 0.40188926746979897 0.39941519410806936 
0.8172331688867921 0.7992781281247429 0.40015312217058074 0.20127409089827614 0.3962911628788169 0.39813907390517084 
0.1414195630219847 0.7987236138886603 0.4001058993142027 0.20016008931763504 0.3999636901172636 0.40015583739607774 
0.7916864274435521 0.8002159886782031 0.4008487332197329 0.20112538846680064 0.39998868033277424 0.39990714832743535 
0.9911751637119015 0.7993756590142642 0.4019771724523771 0.20286976620964955 0.39912936666341226 0.39767835097080934 
0.41690263821240886 0.7989999951061783 0.40166012061525747 0.20119111028083397 0.40007172075385394 0.40011592346410085 
0.19503109793873694 0.800581086180269 0.40026617266437253 0.2046274350263174 0.39946820603406674 0.3998033033042388 
0.4504897243811696 0.799841858372928 0.4007463777454036 0.19995466589045588 0.39999853986010364 0.40002453830772206 
0.8806754657527514 0.8002698212679002 0.4011030744355646 0.19913083456141328 0.39908921890171506 0.39819616593361357 
0.7692817338444241 0.7997161055655763 0.39958809682804797 0.19974563922526342 0.4001045875618271 0.4000694535266222 
0.22720367078340392 0.800913374375271 0.40100044496728926 0.2000343190712587 0.39829550180667134 0.3987725854748374 
0.5010278383949898 0.7998357853728052 0.4004873763185078 0.20003712210084423 0.39986584041536033 0.4001932016774688 
0.24191607056581557 0.8013110449093834 0.4004456421708006 0.2005576778919848 0.3994832549744343 0.40149228534360953 
0.6553387759625279 0.7995060754605278 0.39994961145810354 0.20079242474959047 0.40017020165801176 0.3996761728072135 
0.5669951511151972 0.7999033991090342 0.39978491870498073 0.20080521247038172 0.40015304151909736 0.39976741818401956 
0.7980008862577389 0.8006263723217437 0.3999045251220647 0.20166186731607055 0.40003758739613027 0.4004745956918039 
0.353951409374006 0.7999800723141272 0.400185901157712 0.20055690246322755 0.40074699677629355 0.4003983032668146 
0.8702074864900902 0.7995184614700013 0.40021927641688354 0.20077128821844775 0.4002638604982803 0.39990665252343344 
0.4974055395304945 0.7989001409010472 0.40062717651580587 0.20033349031178027 0.39971251216527576 0.3997443110088347 
0.5196582448903057 0.7997961101455271 0.40063917255052933 0.20039509393720314 0.39978516144138077 0.4003674809753199 
0.9449716906745811 0.7998217549328377 0.40111619604002635 0.2010089181504021 0.4011791011931081 0.39911362809957796 
0.9389055716180741 0.8000535718083965 0.4013224271378632 0.20078413127433373 0.4008906735632252 0.3991345811247911 
0.8781520030237994 0.7999768531488353 0.4003378009966381 0.20068507506045244 0.40041180193024234 0.4008072366028449 
0.5802078120820057 0.8006446916807084 0.40048732129883813 0.20012338342785727 0.40059956231622235 0.4008877921265805 
0.4960652495221745 0.8001748566734415 0.40025394108091883 0.20036003346840922 0.4002276085688627 0.4003368541517842 
0.5261214494506138 0.8007190011134344 0.4004113335687923 0.20078403704534878 0.4008316428807917 0.40108126928189175 
0.3577267760769833 0.7995003754419777 0.4000226335808393 0.20008506421482125 0.40034487875715785 0.3998478041737897 
0.7395460556930522 0.7998741094300823 0.3995715239815096 0.20046897197459224 0.40050181914725935 0.4000728549276625 
0.7430327667376854 0.8001841523772684 0.4001373228332558 0.20087062313424353 0.4001418180496815 0.40014516809396833 
0.5909572826569611 0.8001180494071611 0.4000789297393037 0.20045161339841183 0.399991090382879 0.3999858369971139 
0.36039103426719343 0.8002008479426544 0.3996453774252101 0.20064931235759603 0.40010847524952187 0.40016167422128424 
0.6380842078658531 0.8001667977976128 0.40002324394486144 0.20036351621994875 0.4001992275852772 0.40001657767259985 
0.589274535971668 0.7999118890955219 0.3999727931518159 0.20032857794855854 0.39980161238885104 0.3996682453273325 
0.5685469647555995 0.8002073630163433 0.4002009091526583 0.2009526928590215 0.39977695235329985 0.40019081261539347 
0.8605753123121361 0.8003464399214978 0.4001363901587692 0.2016375478149242 0.40004534854312224 0.39962191674102604 
0.46164871818295766 0.8006460859827869 0.40009647211967553 0.20042694225221133 0.40010556976647643 0.4001425401560541 
0.4422601115744709 0.8002538677943533 0.40006205458248434 0.20063262692424055 0.39995701184873894 0.3999656494916363 
0.6290001745285816 0.7998349774337841 0.40035236075203523 0.20045149147232771 0.39991858079905507 0.3999893964044386 
0.5152903888009817 0.7998984571246781 0.40036912916377915 0.20027616424868686 0.39987697275345646 0.400134788627408 
0.2002800611219649 0.8000763840075966 0.4005032410093029 0.20060663127437395 0.40015890379543817 0.3998012826676289 
0.4110953753984633 0.7997901723729671 0.4001703725404861 0.20024780794381317 0.3997343517604702 0.3996202324211028 
0.5459076790305751 0.7999212990825472 0.4001758766837137 0.20035856504907665 0.40012606694950587 0.4002570119532212 
0.2449291013102949 0.8004791083124302 0.40033856640660487 0.19947247450024336 0.3994590772443566 0.40022502342412136 
0.23465585700609218 0.8000906336985978 0.4000197097338585 0.199837882126543 0.39997780851858944 0.4004218751357542 
0.5494457413040166 0.7998953640005253 0.40012081073102485 0.20038754278477527 0.4002682645106643 0.4001528198723915 
0.28694884951705846 0.7996686178081066 0.4001411393155926 0.2007850273495755 0.39931137205107675 0.40015014420815365 
0.4806109642210406 0.7998321324924337 0.40001431279404087 0.2001856173777998 0.40016241742788755 0.4001527045131756 
0.26912915658600656 0.7997300680508234 0.3998187687378748 0.20093182569784138 0.39934921029123305 0.39978411123315255 
0.27852195698933646 0.7996184908078119 0.39976378040839233 0.20111430106395767 0.3994206663066422 0.39989323941384164 
0.7121126314237333 0.8002807791987722 0.3999225947968565 0.20044052487573374 0.4000689794519047 0.4004246687662112 
0.6093394810281151 0.8001294567229719 0.4000315969917674 0.20028560736861095 0.3995922193839679 0.4000202402087959 
0.706057543268782 0.7999131061239372 0.3998428523307017 0.20005754869580797 0.39952407431968845 0.4002569004242155 
0.6243164121233953 0.800487657134253 0.40002509910000783 0.2006814418700289 0.3996965580149865 0.4002104080102745 
0.7759719129377886 0.800023905041986 0.3995991013972903 0.19984646257725872 0.3998613610661784 0.4001817223012072 
0.8418545520589609 0.800224026924224 0.40032285326083716 0.20108771066971168 0.40019205786603324 0.3999673942390461 
0.4312195697416162 0.8005343093444693 0.4002529786304203 0.20045580171531557 0.4000622842611234 0.4000106787321383 
0.847102672619904 0.8003108557396287 0.40040639396831934 0.20142672681648752 0.40009433919821297 0.39982784552257983 
0.8316129001784521 0.8000637216937886 0.4001696323556452 0.20048567813352905 0.40035740121839974 0.4002140862029869 
0.7643506971791179 0.8001512935575077 0.39962497943898656 0.2002070404947242 0.3999960921549135 0.4002170106217963 
0.6921249686240496 0.7996637952470081 0.39989435383712113 0.20022724980615414 0.39978771308946875 0.3999333937894205 
0.3058737104668049 0.7998153643869682 0.40042028958820924 0.20021413961459422 0.39930948467726474 0.40033744844137775 
0.6824456055401081 0.7999896863827326 0.3994938420163526 0.200319187537148 0.3998880819390383 0.4001127322731578 
0.6512865677782655 0.7997071161117062 0.39986658243686213 0.2003173528558609 0.3997630026706106 0.39998106291003716 
0.7322874408626201 0.8001409370427022 0.40002181710145046 0.20059061211584334 0.4001869063022029 0.39999949194726253 
0.7422574010911462 0.8004399560271193 0.40004035154637324 0.20044540381333623 0.4001428109347647 0.40004621614933444 
0.6724647368056602 0.7999261541326358 0.3998577869860929 0.19993934384600742 0.39958958623432383 0.3998988504411892 
