0.08776047933528675 0.16253997633402192 0.18105963241210743 
0.05907457261266948 0.16752834498747948 0.18306353996113356 
0.24172096014921846 0.17994164702309193 0.24333084431462337 
0.2463273138585959 0.24924342089514412 0.273243212538416 
-0.13655205299861783 -0.06861141617386612 -0.09473914789492083 
0.3548503696013238 0.31856435095523244 0.3661817745791579 
-0.13577382063527366 -0.12940548911116032 -0.16378255678013418 
-0.010046527264392147 -0.0031484435052715268 -0.018950249855334618 
-0.1369403275870548 -0.20082519055690884 -0.06556633821699022 
-0.28603363826052003 -0.3214714887727394 -0.3119138624184497 
-0.012898106968811052 0.04782483905069945 0.16802819992460472 
-0.010926388888076233 0.07406168460180598 0.02682953392395082 
0.05907457261266948 0.15574231434932984 0.05741509702145048 
-0.24039441906272221 -0.23326136619884127 -0.21604594266923782 
0.05955316777427935 0.07935814565203345 0.008907339843347878 
0.07772906585992376 0.06279871584585442 -0.016261207235972804 
-0.07411998808879888 -0.0018791172100565134 -0.05788271699712225 
-0.2755359128205668 -0.3237614562294684 -0.3506561035385236 
0.05907457261266948 0.0974780402103176 0.18306353996113356 
-0.3601404583676311 -0.42573595067834097 -0.32605563155371864 
-0.40155847240759296 -0.3258489355169515 -0.3506561035385236 
-0.5158806814360053 -0.5096332457667722 -0.5222386012714688 
0.37836391941417324 0.42537887411952785 0.3943598479636737 
0.08750435002213947 0.09047352218618065 0.058856513020107755 
0.0705210584374997 0.009605225554829365 0.13809817795075613 
-0.012898106968811052 0.019231048193754985 -0.016261207235972804 
-0.42259961513107225 -0.4430804161946702 -0.43642815319468675 
-0.12600520867236856 -0.22842511159128098 -0.17687637738487777 
-0.318319076286388 -0.27713147919271486 -0.2588272542734955 
-0.3663631181557496 -0.40840447170651845 -0.44876003217444627 
0.2943270179098793 0.2824947423568873 0.2870883328121805 
0.22051048413329852 0.26091877676338016 0.25697341103689914 
0.041244738392252234 0.17409349903472537 0.09519829660477205 
-0.13705321444562396 -0.14842544282305614 -0.06556633821699022 
0.1297535902705526 0.19145079822279992 0.24333084431462337 
-0.013682446867141158 -0.00443421647887822 -0.06846735765199871 
0.2474325667554808 0.19664517952488525 0.27425625609494486 
-0.17267803307138488 -0.16558516431909448 -0.16318099697665925 
-0.1641940883069878 -0.12700462375998384 -0.16378255678013418 
-0.11244509411599644 -0.06800016718302185 -0.09473914789492083 
0.05907457261266948 0.0974780402103176 0.028499680203729158 
0.14220724516227376 0.18929944399608142 0.18105963241210743 
-0.20404358548052773 -0.21927489547325923 -0.18665083205014285 
-0.338519104918108 -0.3214714887727394 -0.3205519974311775 
0.04766916156262335 -0.005853470153206863 -0.005735498864701177 
-0.46921676489312564 -0.44454420411985435 -0.43768430532629404 
-0.3601404583676311 -0.33216177056754453 -0.3259134425247933 
0.2979063607118983 0.3309289928305119 0.3752550058732773 
-0.13993893744122649 -0.21330248035411384 -0.20385829922022955 
0.46624086827945677 0.437364776186476 0.49027286457078506 
-0.01842403986348834 -0.001860530068110473 -0.040561064734967234 
-0.13707109201626275 -0.14907292328327335 -0.19240970064762708 
0.12162708249617749 0.24943780840664165 0.2205959438883467 
-0.2244081455491377 -0.2837174868300902 -0.3206323609977843 
0.2412404210238067 0.1807054483098133 0.2143504629660097 
0.14299956562389882 0.2111707168248651 0.18105963241210743 
-0.20319930985314405 -0.158596834741565 -0.28312955771107684 
0.22051048413329852 0.24943780840664165 0.2205959438883467 
-0.11763709122606668 -0.07247680940170786 -0.06342051035389944 
-0.36854046567543575 -0.40840447170651845 -0.3585937363271835 
-0.01928195138187025 0.08807172000577171 -0.007863184139756965 
0.48876138513416806 0.5532017350614988 0.5145201188334956 
0.5739929908041184 0.5500403895547956 0.5830951165409367 
-0.3142558549502688 -0.22561689659749362 -0.2588272542734955 
0.006386257592284686 -9.160077751826923E-4 0.004502296533064956 
0.3738221142132869 0.41678254280837457 0.46429013627740645 
0.46624086827945677 0.4959960196447538 0.49027286457078506 
-0.04104462777811091 -0.0054492562331817235 -0.06342051035389944 
-0.3911335072079175 -0.39243349009152306 -0.3901959425081371 
-0.3686991689395084 -0.3258489355169515 -0.3506561035385236 
-0.23193879722959454 -0.33216177056754453 -0.3259134425247933 
-0.13705321444562396 -0.14842544282305614 -0.0858617321133151 
0.14299956562389882 0.17463227784817542 0.14190309935384748 
0.4139046275922649 0.43174006772849965 0.47559326220613785 
0.29604709597955764 0.3200218178640146 0.28120887501037906 
-0.13578666817499851 -0.09672881880034317 -0.09433026820917194 
-0.22768922241362052 -0.19831511367000398 -0.23867396753922177 
-0.24039441906272221 -0.23644442286425754 -0.23934021762827393 
0.07971525149575456 0.05628327664697044 0.028499680203729158 
0.37836391941417324 0.3108272423612768 0.3943598479636737 
0.14299956562389882 0.16253997633402192 0.18105963241210743 
-0.24832279782496713 -0.1769816390255467 -0.16078163454012578 
-0.10501244939897977 -0.06800016718302185 -0.0534266794467803 
0.24482872896578545 0.18678599000207566 0.18156817657169166 
0.2977643854179781 0.37078145090823833 0.2703849028823505 
0.16331614825601826 0.10578807694399395 0.10072071616859989 
-0.22768922241362052 -0.2813254098148955 -0.23235873403480678 
-0.22768922241362052 -0.2813254098148955 -0.25736685518310176 
-0.07120976283872849 -0.06970102854128778 -0.03630319004000873 
0.27658232292360724 0.2516174900492495 0.30570662082714195 
0.388103442057573 0.35954241649314667 0.36467552660397273 
0.41726148286780995 0.3459382320195119 0.3943598479636737 
0.27658232292360724 0.25131136258016945 0.2732088114752247 
-0.5158173510989554 -0.49685838726258486 -0.467987966959408 
-0.08845963903044125 -0.06375076686528863 -0.04696456990850645 
-0.4625762282547577 -0.517802575273673 -0.43741417668316757 
-0.5853235232771978 -0.5731396578868833 -0.5707542592998869 
-0.015365685796467634 -0.08104364219506036 -0.059279343105261506 
0.2977643854179781 0.30671553079797187 0.3642722183082883 
-0.42466048685659247 -0.44312621896199716 -0.39341586690980923 
