0.0 0.5999493650374224 0.49999999997244754 0.5999493647942109 0.49999999981661863 0.4999999997127406 
1.0 0.5999493648619361 0.5000000000579703 0.5999493650273394 0.4999999998567785 0.5000000001008755 
0.42423847234918305 0.5999493474949875 0.49999999949315266 0.5999494484207012 0.500000008682535 0.499999999615065 
0.6111541271599212 0.5999491947282214 0.49999999940019413 0.5999489778628108 0.5000001112415411 0.4999999918948972 
0.15210956251924201 0.5999492705164984 0.49999999997615086 0.5999493706270353 0.5000000029673337 0.49999999097283926 
0.00989911470546223 0.5999509355835968 0.4999999999546279 0.5999493833997163 0.49999999863810424 0.5000000205125322 
0.6809795431186703 0.5999493596134218 0.4999999998354653 0.5999493828623432 0.49999999949528584 0.49999999983172866 
0.1625159647309926 0.5999493651367875 0.4999999998025705 0.5999493628204947 0.49999999908748943 0.4999999988058714 
0.17294534555588226 0.5999493635128568 0.4999999992769763 0.5999493647195542 0.49999999902795045 0.5000000001535019 
0.13130476965376325 0.5999488532027654 0.5000000300124969 0.5999490978018572 0.5000002495808744 0.5000011281758194 
0.14170360175414698 0.5999492085448361 0.4999999993505739 0.5999491148032736 0.4999998266800186 0.5000000011090797 
0.4145568605911202 0.5999500063799545 0.49999999963364766 0.5999493680577688 0.49999999752998686 0.5000000117079184 
0.06984036123579151 0.5999496059651913 0.49999999944318874 0.5999495902197981 0.5000000029737136 0.4999999984865431 
0.6510853312178582 0.5999493670663298 0.4999999999659999 0.5999493651498391 0.5000000020698436 0.4999999772734233 
0.6610494702746371 0.5999493651976325 0.5000000000553663 0.5999493685087064 0.49999999991760236 0.500000000548338 
0.561305801679922 0.599949186928922 0.5000000032053166 0.5999507504335756 0.5000001086636452 0.49999993757707667 
0.6411085222784121 0.5999492966766448 0.5000000272270435 0.599949153177245 0.5000002064730061 0.5000016028460131 
0.5513953290180267 0.5999493693096486 0.5000000000751527 0.5999492975955372 0.5000000013471698 0.4999999987751283 
0.04967925587156885 0.5999493607900859 0.49999999991531835 0.5999493656430444 0.49999996882740605 0.5000000019524157 
0.03969539301289282 0.5999493638973162 0.5000000002832861 0.5999493655397923 0.5000000068610085 0.5000000046317437 
0.01982114155534931 0.5999493563333134 0.49999999995416866 0.5999497710779526 0.4999999921344734 0.4999999760503503 
0.4532990436450287 0.5999489009693856 0.5000000035256452 0.5999491943820398 0.5000001364210572 0.4999997533897957 
0.5712366380752866 0.5999503429806161 0.5000000001790098 0.5999493565021283 0.4999999995909608 0.5000000614158338 
0.9682801643533392 0.5999492653078398 0.5000000056311651 0.5999493607361813 0.5000000273089035 0.4999998409825021 
0.6011664292384636 0.5999493601530271 0.4999999996537614 0.5999493278666355 0.49999999532978406 0.50000003130923 
0.7009513052635457 0.5999473433992764 0.4999999999196608 0.5999489472819668 0.4999999759405039 0.49999992477658495 
0.4630136633995059 0.5999493632804104 0.4999999996166045 0.5999493671211975 0.500000000319063 0.4999999824698792 
0.6211442611103931 0.5999494914042337 0.5000000001489235 0.5999496060044781 0.5000000403453194 0.5000001978537577 
0.3756558931245602 0.5999488870909254 0.49999999986712723 0.5999496440662332 0.5000000134335923 0.5000000592531847 
0.7713015154864955 0.5999503395533277 0.5000000032191941 0.599949370759734 0.5000001494637631 0.4999998927073574 
0.8843147829224618 0.5999494080015667 0.49999999999276484 0.5999493642978369 0.4999999959465953 0.5000000158691359 
0.978849910495631 0.5999493691318686 0.5000000000067978 0.5999490782447543 0.5000000083028877 0.5000001567791583 
0.4727374555149913 0.5999493019649647 0.5000000001005821 0.5999493489514485 0.500000000566709 0.4999999994446999 
0.22486529739784605 0.5999493418965411 0.4999999989245314 0.599949349113558 0.5000000001817289 0.49999999928941874 
0.832547341118878 0.5999493579028261 0.5000000000551328 0.59994979498488 0.4999998627249028 0.4999999992976634 
0.9156835949451516 0.5999493464795926 0.5000000003223752 0.5999490956193978 0.4999999544893294 0.499999954787591 
0.926172510588307 0.59994929627958 0.4999999998884451 0.5999487565962431 0.49999991809025485 0.5000000139819785 
0.7511187347596961 0.5999492785990203 0.5000000002970035 0.5999493640823506 0.5000000082805329 0.5000000165708094 
0.989424 0.5999493049429295 0.5000000000187127 0.5999493787173955 0.5000000000988313 0.5000000138239791 
0.05970019546578342 0.5999494633086712 0.49999996740689195 0.599949792818548 0.4999999484775921 0.5000003445879926 
0.2760583450620089 0.5999485849391767 0.5000000007609134 0.5999493581862927 0.4999999915442152 0.5000000071543382 
0.5315988648446827 0.5999497716575912 0.5000000001797626 0.5999493584672786 0.500000000067912 0.5000003923438514 
0.10039891265604384 0.5999493469465224 0.4999999999048247 0.5999493598031879 0.5000000339676799 0.49999999507505477 
0.5118618262893585 0.5999492661832698 0.4999999991617178 0.5999497725105404 0.5000000024559627 0.49999999235403436 
0.40482726926694845 0.5999494080976743 0.49999995661140784 0.5999493297441375 0.500000000735472 0.5000001679699347 
0.2962555658392698 0.5999492222684738 0.5000000003759438 0.5999492923428774 0.499999999918368 0.4999999853616204 
0.9366804547771469 0.5999493749842366 0.5000000000281358 0.5999493670289769 0.5000000000452262 0.5000000126987278 
0.6710151450583103 0.5999493675766575 0.5000000013756942 0.5999493400410666 0.5000000065011055 0.49999996433390415 
0.5020455252898434 0.5999494227008069 0.5000000008688247 0.5999493387167605 0.49999996167626554 0.4999998648767072 
0.7109390340112542 0.5999493307092293 0.4999999999773448 0.5999493327258559 0.49999991337591587 0.5000001540197782 
0.5414767946319322 0.5999493756233517 0.5000000004588885 0.5999493512919994 0.4999999997338511 0.49999999909226245 
0.720957257291459 0.599949331746808 0.4999999993760248 0.599949337840517 0.4999999931501586 0.5000000277954055 
0.5217358377541116 0.5999493650289593 0.4999999998487798 0.5999493650759391 0.49999999987325683 0.4999999998944238 
0.3560651734172586 0.5999493590804822 0.49999999990644445 0.5999493652481502 0.4999999622483987 0.5000000004288881 
0.11070231850840428 0.5999493518646416 0.49999999902134595 0.5999495010005585 0.4999999224055603 0.4999998813918215 
0.8739204319524556 0.5999493504158329 0.4999999874362794 0.5999495152430712 0.49999999990260496 0.5000001248522143 
0.2861588564535013 0.5999493727569122 0.5000000008018294 0.5999493840374827 0.4999998394152559 0.49999937504293096 
0.08004522641546252 0.5999498612049068 0.5000000046435383 0.5999507590422394 0.49999979420810226 0.49999992749797123 
0.24544927602843525 0.5999493653905524 0.5000000000424608 0.5999493253615213 0.499999999740525 0.5000000001192324 
0.7410344977994421 0.5999489240405881 0.5000000041901859 0.5999492510657259 0.5000001161167233 0.49999984524816926 
0.2351576120444666 0.5999493844913615 0.4999999999441494 0.5999495337751697 0.4999999652869762 0.4999996629696867 
0.5811966954876064 0.5999493702896554 0.5000000044066082 0.5999491573673809 0.49999997497206894 0.4999999983589732 
0.02976051894644749 0.5999488286800865 0.4999999984705096 0.5999494248119289 0.5000000027601582 0.5000000593250318 
0.7309844706590496 0.5999493430325096 0.5000000000181438 0.5999493642587406 0.5000000069657747 0.5000000047356097 
0.3853898931616775 0.5999492382875207 0.499999999463723 0.5999493559184484 0.49999999988642907 0.5000000333904528 
0.12095610257702002 0.5999493721776624 0.500000000043515 0.5999495373476185 0.4999999313192039 0.5000007897910096 
0.4436014087952286 0.5999494195210436 0.4999999998915728 0.5999493648564317 0.4999999991125222 0.5000000458709905 
0.09023162940565799 0.5999490180072056 0.49999999971280273 0.5999492593235928 0.49999999643804005 0.4999999142055958 
0.48249117661846563 0.599949282350367 0.499999999579768 0.5999495421292569 0.5000000185944563 0.4999999987115166 
0.1937719126803248 0.599949409655835 0.4999999898119735 0.5999493762328602 0.4999999263269911 0.49999862717896254 
0.36586588279093657 0.599949361636204 0.5000000000450614 0.5999494787951842 0.5000002688938712 0.5000000274561132 
0.18336997088868767 0.599949347839793 0.5000000019326994 0.5999493677985441 0.4999999996760359 0.49999999909086706 
0.6909422996129259 0.5999493669965048 0.5000000000154154 0.5999493710279147 0.5000000709873166 0.5000003810854329 
0.21452747565641345 0.5999492704595648 0.5000000002729561 0.5999493662123878 0.5000000510348401 0.49999999473673157 
0.34621407155915784 0.5999504322137971 0.5000000009550432 0.5999512573901108 0.49999995464806496 0.4999999392226507 
0.8635346448017013 0.5999495720701055 0.4999999999406741 0.5999492773654517 0.4999999992304457 0.5000000133451907 
0.591177980848943 0.5999503779552827 0.5000000000242867 0.5999493617777648 0.5000000348418391 0.5000003299339992 
0.9471993837194101 0.5999493419255694 0.4999999959439091 0.5999493009103126 0.5000000027814608 0.5000000848532922 
0.8018340313503014 0.5999493847937877 0.49999990854638926 0.5999494283913496 0.5000000200087114 0.4999993585324384 
0.7916387593640832 0.5999493062184201 0.49999999789774235 0.5999493272696031 0.5000000225519088 0.5000001162089754 
0.26589618829766337 0.599949364693995 0.4999999998790252 0.5999493920631885 0.5000000098582368 0.5000000139830133 
0.9052129339846413 0.5999493816651829 0.4999999043026728 0.599949820194594 0.500000040481941 0.4999993797776338 
0.32641397986468684 0.5999495726119393 0.5000000007073881 0.599949356652967 0.5000000000081705 0.4999999923524718 
0.33637660726186447 0.5999494523295567 0.5000000002525866 0.599949284749387 0.49999998718556043 0.4999999811244503 
0.20410481303805567 0.599949570533225 0.5000000011845609 0.5999513395733778 0.49999974937046976 0.49999994092172906 
0.8429132577594373 0.5999499446910173 0.5000000016824175 0.5999491204882524 0.4999999888341497 0.5000002249392332 
0.4339184771459049 0.5999493679913067 0.49999999963869207 0.5999494538187602 0.49999997625989123 0.49999978298971287 
0.8947620835508786 0.5999493471703786 0.49999999840016324 0.5999492925795893 0.4999999690778221 0.4999999180681373 
0.3063189371408275 0.5999493647067645 0.5000000004348665 0.5999493649961456 0.49999999824397423 0.5000000606408308 
0.31638300637261496 0.5999493643689694 0.500000000038353 0.5999493693887853 0.4999999998471358 0.500000001442444 
0.2556643641706181 0.5999492685776069 0.5000000021982257 0.599949379411535 0.4999999940661833 0.4999999802795818 
0.8532239543968694 0.5999489949042847 0.500000032645135 0.5999491645950149 0.500000261917968 0.5000004107445946 
0.9577329795717741 0.5999493522955687 0.5000000040689281 0.5999493553794011 0.500000033488444 0.4999998592471512 
0.7612206929168904 0.5999498676570743 0.5000000037014197 0.599951594779761 0.49999996921255807 0.4999999843623074 
0.6311253173282186 0.5999494227872508 0.5000000001625045 0.5999493656486531 0.5000000063449134 0.49999999244861226 
0.8120519650553697 0.5999493351743721 0.49999998723569405 0.599949419355801 0.5000000134706127 0.5000000303695471 
0.395099930333011 0.5999492729161905 0.499999997955975 0.5999486471901317 0.4999999692823937 0.4999999772760885 
0.7814213049259935 0.5999494795499952 0.4999999995308495 0.5999493869039276 0.5000000973194147 0.4999999926311146 
0.4922593246184629 0.5999493498865005 0.49999999996192773 0.5999493598811108 0.5000000012307386 0.5000000306854724 
0.8223123067762597 0.5999495030622285 0.5000000003025861 0.5999495100899499 0.5000000547267156 0.500000272783764 
