0.0 0.0 2.0999999073650155 2.799999900875171 3.500000074509681 4.199999713611981 
2.0 0.0 2.0999999536942293 2.799999902395131 3.5000000601708097 4.199999716093688 
1.9862364138800943 3.9839661884545943 2.099999926726333 2.7999999506459856 3.500000072522486 4.199999715945418 
6.215280879810812E-10 2.1760515104243112E-7 2.099999931568305 2.7999999123828796 3.500000083285469 4.199999724747025 
0.0 1.5533100337438207E-9 2.0999998557800237 2.7999999063467897 3.500000059111164 4.199999764071401 
0.0 4.778175498916873E-7 2.0999999287775126 2.7999998927541347 3.500000082364657 4.199999714251555 
0.0 2.3676885227778614E-7 2.099999906484902 2.799999913627004 3.5000000223114003 4.199999707947638 
0.0 1.1254481216293649E-7 2.100000003689611 2.799999896656414 3.5000000854422555 4.199999712971717 
0.0 1.8962438688162993E-8 2.099999907534417 2.799999977704107 3.500000074759448 4.199999711953613 
0.003115419144411937 0.05049880950359252 2.1000000122120737 2.799999888080996 3.5000000907652264 4.1999996924049015 
5.314630431477084E-4 0.0017210471996182844 2.099999848922675 2.7999999030343816 3.5000000790665964 4.19999975225042 
4.2177290654526496E-4 0.04209779705856666 2.0999998573823104 2.799999909823513 3.5000000748961577 4.199999712924554 
2.0847253247965092E-6 1.467715876812662E-5 2.099999916943205 2.799999923551267 3.5000000704578 4.199999755836621 
6.0825203499676104E-6 2.139491166356984E-5 2.0999999396982116 2.799999890619876 3.500000098667569 4.199999761712169 
0.0 2.375455518411536E-13 2.0999999933128617 2.7999999002438805 3.500000083888017 4.1999997090969545 
7.433829835995842E-4 0.002462309425121205 2.0999998991788646 2.7999999542692326 3.5000000599032495 4.199999712317284 
3.337358911312703E-9 4.955796398896259E-8 2.0999998553940635 2.799999904459288 3.5000000762452474 4.199999705046292 
1.1903524710630739E-7 1.3019248276486933E-7 2.099999867355599 2.7999998839867883 3.500000061581889 4.199999709778694 
0.03743422427738138 5.217779091065669E-4 2.0999999315659044 2.799999961432849 3.500000083558688 4.199999714814776 
6.267490637291818E-7 1.660513078455969E-4 2.099999922930771 2.7999998932194554 3.500000071423947 4.199999747169123 
0.0 1.7961455560333952E-4 2.099999931584221 2.799999912599461 3.5000000659606143 4.199999714185651 
2.558237532944239E-4 6.598471796889047E-5 2.099999865446311 2.7999998973304887 3.500000074802717 4.199999747935471 
0.0 7.391119912236275E-4 2.09999983154308 2.7999998828288937 3.500000033289043 4.19999971962983 
0.0 0.001690045656498969 2.099999906208782 2.7999998925030423 3.5000000824696036 4.1999997159319955 
0.0 4.929123404185938E-8 2.099999881326597 2.799999863963479 3.5000000778352525 4.19999971546865 
1.696926872029897E-4 0.029440000000000133 2.0999999492351074 2.800000007830602 3.5000000625193675 4.199999718209176 
0.0 3.521410397333725E-4 2.0999998682679166 2.7999998961746204 3.500000098803758 4.199999709925781 
0.0 0.09401214932527394 2.0999999028496297 2.799999879632342 3.5000000906251003 4.199999708872646 
0.0 1.5014206664016117E-12 2.0999999316926785 2.799999904359866 3.5000000092498147 4.1999997220432315 
0.656164916353831 1.6293057495214933E-4 2.099999956039712 2.7999999088103658 3.500000116324808 4.199999738989028 
0.0067168571281859294 0.023871999999999893 2.0999998007773057 2.799999954125901 3.5000000373566524 4.199999620263336 
1.1184499470583416E-4 2.499107492073825E-4 2.0999999258250583 2.7999999678232026 3.5000000939468445 4.199999727256355 
0.0 1.677552596683503E-5 2.0999998676170337 2.7999998728399533 3.5000000600416312 4.199999724470151 
0.21996339692101263 4.41257170967588E-7 2.099999987502203 2.79999987050938 3.500000086076297 4.19999972069588 
1.8994796940928744E-5 9.527510089997835E-7 2.09999990550265 2.7999998823662855 3.5000000700003255 4.199999721747724 
0.006455171094979506 0.38555991085305186 2.099999950518218 2.79999994905685 3.500000098727681 4.1999997317957245 
1.2491704703794192E-4 5.243098725616939E-4 2.099999979018168 2.799999908436823 3.5000000592410805 4.199999774143861 
0.0 0.21808597412129593 2.0999999824826756 2.8000000459242655 3.5000000785005785 4.19999971506403 
0.0 0.004308354346134981 2.0999999126741535 2.799999899097176 3.5000000739172754 4.199999729306316 
0.0 5.3480015877218315E-6 2.0999999385209813 2.799999951724526 3.5000000973560432 4.199999722708628 
0.0 5.260916418377832E-5 2.099999888034951 2.79999990487152 3.50000008736015 4.199999712832594 
0.007647999999999877 0.015295999999999754 2.0999998767642483 2.7999998923693714 3.5000000799625335 4.199999716128886 
2.0 0.013194285972862521 2.0999999612038995 2.799999881668804 3.5000000394293957 4.199999714104473 
0.0 2.4018171331589794E-10 2.0999999327289114 2.7999999038735663 3.500000097897636 4.199999918250726 
0.9564129470327596 0.012861452373098436 2.0999999150238744 2.7999999160983453 3.5000000927275257 4.199999731543035 
6.12430625638729E-8 6.169974858967397E-7 2.099999921643542 2.8000000526523783 3.5000000687702664 4.199999741088526 
0.0 0.012271742107583843 2.099999925701676 2.799999905753323 3.5000000465579735 4.199999678218432 
0.008773782541703579 0.0 2.0999999471230817 2.7999998677864015 3.500000115707817 4.199999739481343 
3.7220938493596324E-10 3.488511164769732E-8 2.0999999087692287 2.7999999023169275 3.5000000663799478 4.199999718294372 
0.0 4.0 2.0999999263009452 2.7999999017322277 3.5000000479731668 4.199999775351164 
0.48565331158675146 2.1702085929774357E-5 2.099999913200474 2.7999999226019434 3.500000038539715 4.199999709711398 
0.00544 0.008312177819690098 2.0999999102727016 2.799999939649112 3.5000000737999297 4.199999843729022 
0.0 2.941951999999983E-5 2.0999999045792173 2.79999990445402 3.500000078140061 4.19999971314775 
0.0 9.414833114102946E-6 2.0999999213605434 2.799999936975926 3.5000000394218764 4.199999692795581 
0.6354554896578751 1.3202301972239487 2.09999996159572 2.799999981754395 3.5000000742850297 4.1999997117976156 
2.8317030015327145E-4 0.0 2.099999907327199 2.799999938688106 3.500000078401869 4.199999726613534 
0.16947177712319048 0.6405356657306428 2.0999999059322945 2.7999999181712933 3.499999990630604 4.199999709837461 
1.8067060454393782 1.7603316905826079 2.099999965716178 2.799999954621044 3.5000000713053154 4.199999715361645 
0.002970754606763206 0.0 2.099999958161603 2.7999999149988235 3.5000001034531123 4.199999748518889 
0.0030549238172206086 0.10855374225448756 2.0999998912490474 2.7999999296436804 3.5000000569367007 4.199999711531734 
3.490824941521478E-4 6.367056119234793E-4 2.0999998271438454 2.7999999116941487 3.5000000693864974 4.199999717402634 
0.0 1.4879929528044424 2.0999998562756925 2.79999990786393 3.5000000777388265 4.199999731988671 
0.07408262399489263 0.0 2.099999848331847 2.7999998964145427 3.5000000030225085 4.199999708511448 
0.002168215065853399 0.005773938132528207 2.0999999899514843 2.7999998990918438 3.500000061785585 4.199999716330907 
0.0 9.555508344966116E-5 2.099999960504497 2.7999999165340563 3.500000092128939 4.199999711987292 
0.6417372373774566 0.0 2.099999996007149 2.7999999468416807 3.5000000037937533 4.199999705770643 
0.0 2.999728826410354E-6 2.0999999724897425 2.7999999437551595 3.5000000686248174 4.1999997192298135 
1.9814184857052937 0.005633837794191354 2.0999997988697614 2.799999983524012 3.5000000761683254 4.199999717274491 
0.025704709541255644 0.0 2.099999964935221 2.799999881588268 3.500000087958394 4.199999717124329 
0.0 2.4870795932931395 2.099999828875052 2.799999896606108 3.5000000985682287 4.199999734599765 
0.0 0.4513000328619203 2.0999999448672177 2.79999996898892 3.5000000410587844 4.199999723200043 
5.23157341726901E-12 4.318172593154995E-7 2.0999998745600856 2.799999842527515 3.5000000924981975 4.199999714146931 
0.6815579465910695 0.6134855350242242 2.0999998402065123 2.7999998752041515 3.5000000868192513 4.199999888168182 
9.537599826974529E-4 0.0 2.099999913419691 2.7999999030844682 3.5000001105186205 4.199999718762534 
5.606552922018378E-6 3.881057850078972E-6 2.0999998684392893 2.799999910389021 3.50000003284523 4.199999716445273 
6.816631237791345E-7 6.714614023886602E-7 2.0999999666389537 2.799999920709625 3.499999988690831 4.199999688470789 
0.21501271395070637 0.0 2.0999997987634416 2.799999912836995 3.5000000887079397 4.199999708857069 
0.0 1.9402660077642497E-11 2.099999949732861 2.799999910911115 3.5000001150776816 4.199999711972441 
0.010099545820863457 0.496584571748236 2.0999998903217105 2.7999999354964342 3.5000001011207744 4.199999725147443 
0.0 0.03557124968872401 2.0999999026852905 2.800000067035688 3.5000000826471473 4.199999739848793 
0.0 1.6518292312209181E-6 2.099999845236269 2.7999999009361027 3.5000000692691344 4.19999971249971 
0.004474566581085233 1.1722738559537431 2.0999999803710474 2.800000001973881 3.5000000640051825 4.199999715986449 
1.5385942266524752E-6 1.7055762509873641E-6 2.099999935086502 2.7999998559211097 3.500000077792768 4.199999721466599 
1.3485765878833614E-16 0.0 2.099999930183121 2.7999999096876422 3.5000000707483823 4.199999716034078 
8.340999899905961E-10 7.090134236768236E-7 2.0999999349558744 2.8000000266626013 3.500000090418534 4.199999720895459 
0.002145079911439797 2.7560007324777636 2.099999860331097 2.7999998682153255 3.5000001149575315 4.199999718267941 
0.0 8.91165510596161E-7 2.0999999066055692 2.7999999246512997 3.5000000921709247 4.199999730322499 
2.1463752344325815E-13 0.0 2.0999998417232937 2.7999999034474112 3.50000005352159 4.1999997097441435 
1.2513013691901283E-7 8.113315104114381E-7 2.099999863431308 2.799999872058208 3.500000072403413 4.199999706066969 
0.0 0.8445270786118702 2.100000009999732 2.7999999019477504 3.5000000739233297 4.199999711207162 
2.4851650008337935E-8 7.495658702697911E-8 2.0999998309374033 2.799999904674544 3.500000073234203 4.1999997096756445 
2.463610728233889E-6 0.0 2.0999999151365443 2.799999903110841 3.5000000898064503 4.199999715382821 
6.117904842037764E-5 1.1264000000004056E-7 2.0999999266836684 2.799999991328369 3.500000060618469 4.199999718681104 
0.0 6.287839678628407E-9 2.099999819344256 2.799999923967835 3.500000071352997 4.199999717080668 
1.9033821280917263E-7 0.0 2.0999998106347677 2.7999999102707984 3.500000083977593 4.1999997161712015 
1.5105208775678628E-5 0.0 2.099999909695168 2.79999991211145 3.500000049624752 4.199999712525035 
2.4015577985680634E-5 0.6378646800784186 2.099999935121865 2.799999903455 3.5000000853592144 4.199999717885358 
0.022205757761684885 1.4836531828766907E-10 2.0999999601971755 2.799999870041836 3.5000000987317326 4.199999712500655 
0.0 4.584417997696174E-24 2.0999998892233847 2.7999999015258417 3.500000083879602 4.199999712611052 
6.717431200937422E-5 0.0 2.099999952833247 2.7999999027228366 3.5000000633983124 4.199999776383279 
