0.9837050017560665 0.5959431974229839 0.4340539049001496 0.5028802237246596 0.5334454510828419 0.47907920593891423 0.5651120721702533 0.5100119792258554 0.49427456331160646 0.5560761776470683 0.5887937890986966 
1.0 0.4637058242959769 0.5409308835277185 0.49653967245106495 0.5325430314819537 0.5065626033891482 0.551845756888094 0.521891705998246 0.5056569243746473 0.5196503042874289 0.46849863326529184 
0.0 0.4685336541640194 0.49128104114509064 0.46826306680411717 0.47390354154046627 0.4730150127041372 0.4947253348705103 0.5011860205116709 0.49992560681632925 0.4705335520439919 0.5031180283836083 
0.013021892214445278 0.4807840055055225 0.5142291046057662 0.5017071553948372 0.5001550513822884 0.49697270523953596 0.4885680779125384 0.5051645750618299 0.4757713687369399 0.5064829663186324 0.5201618381601468 
0.05858972973869593 0.5009328383515579 0.480862552588478 0.5069278684219666 0.5040256955850341 0.5090698163015771 0.506308573539119 0.4960613521631045 0.5127396684806955 0.5086023324598455 0.507098695282375 
0.9544904479116993 0.49002103632435007 0.4624160280252334 0.5025994061967759 0.5182399859471107 0.4989277869678606 0.4816657475570107 0.4879251543409285 0.5202462552301281 0.5266598722271076 0.5081855680800266 
0.07728056734789357 0.4809597387949436 0.5148492778718997 0.49370370897900356 0.47916762294133847 0.4975120410910317 0.48096770973071656 0.5120581184237306 0.4884447264387829 0.5038894537865934 0.5069533918032536 
0.13328737657112227 0.49983895572013065 0.5099526775552652 0.5056079820041965 0.5020365311409986 0.5080500958911928 0.4976932514213529 0.505536541480308 0.503876230881373 0.5112328356460496 0.5005134900580427 
0.02314076310381948 0.5370657780488366 0.5012260155851697 0.4799800807451821 0.49529494449874695 0.4674806160439232 0.5104799052607187 0.5024633954934489 0.5674845650985549 0.4970774496368177 0.5107649375930351 
0.1409110467057734 0.4958949300141738 0.5022911680693929 0.5395218574899692 0.5353256027013611 0.5100313810576499 0.4646322521894415 0.5221765748379664 0.47521822970221766 0.5235467265708917 0.5115896090828705 
0.17194670580626767 0.5011861214130687 0.49679692694810124 0.5034257452504982 0.5001660831881093 0.4992832149811222 0.49862816040606156 0.5019575887161888 0.5094868742383638 0.5079566128098331 0.5082007925183888 
0.8656077472419644 0.4926532870103012 0.5155868808761421 0.4086575269513843 0.5509401442436894 0.4854903111824647 0.53108556940021 0.5103791981712367 0.46856131502194776 0.43827290314833184 0.4747137252399282 
0.09995419923235789 0.4987617719270705 0.5431798177026079 0.498560719057323 0.5133786379906471 0.471991002443339 0.5029061555941707 0.5198828606191138 0.5071487583995069 0.5009625015886581 0.49584156109431987 
0.1444039232485406 0.5065785634443604 0.48334855906803337 0.515626765993132 0.4872578243011529 0.47445321587760275 0.5154295381293558 0.49487935381337245 0.5508050593690267 0.4937490428476692 0.5275470563087918 
0.9489433008502953 0.4852732096715321 0.5284985413450975 0.4969693804488599 0.5028198868649834 0.49724137700474846 0.48941881999229553 0.5082437828175976 0.4879960649748219 0.5246119842549002 0.5179683395251403 
0.108335912233694 0.5047909856949752 0.5308700606352875 0.4573563136965252 0.5272766293471677 0.5300466448340962 0.5438482187403354 0.5186283225290064 0.42036169832365133 0.44992410330979715 0.4965301905317058 
0.10765192778353866 0.4948648698970833 0.4849310935228922 0.5040355932323431 0.5017379098426036 0.4998038356624479 0.5026996088086173 0.49925761157449045 0.5027881451737631 0.49635962200690753 0.5103978887193519 
0.7966646814106175 0.4943244852909513 0.501305681689377 0.4954072222688452 0.5003687736039979 0.4986553646840453 0.5020304292230746 0.49637071602507987 0.5004157396720667 0.5017656226387227 0.5106512507945621 
0.9549630915684083 0.4852758342829622 0.5834772654569115 0.4979668128145935 0.5175134873650391 0.5134391006122396 0.47012502802789075 0.5266369616258944 0.487409617220788 0.5458888338051456 0.49153596484062007 
0.12620972740322803 0.4992105426436612 0.5097869960212317 0.505895006297568 0.5012613466798339 0.5083930254923418 0.4970788424617807 0.5058754388035975 0.5034707176128647 0.5108481294289062 0.5000052192150671 
0.03704528550502787 0.48046127950714534 0.49885630059277297 0.503397288956913 0.48692473893029825 0.48039062654413206 0.4944969318929938 0.49790214584700976 0.4960499956463524 0.5002860711145308 0.5270748331219732 
0.9049274884850614 0.4340798839486611 0.475580677668318 0.5301988235629804 0.5436910255084649 0.540200442171099 0.4904635764685143 0.5021758956663585 0.40247438496365057 0.514078879078976 0.510064177630308 
0.8914502971973703 0.4760857549797449 0.4857036295304227 0.500420976740389 0.5125022339832914 0.504759220409475 0.49346034829777113 0.4948138318411604 0.49295341514263513 0.5117028120579202 0.5013188416815078 
0.9272428335231178 0.47951998951651137 0.47148834604854145 0.4981014681284923 0.5165148030526138 0.5009439229252195 0.48639622583748404 0.490351083091901 0.5059290929317096 0.5140124672137177 0.5017150498001967 
0.8822331500963245 0.5030799527863905 0.5165113745371555 0.4999916876547116 0.4968106030715696 0.49570312239421854 0.49389246087376804 0.49791462352700433 0.5099868331641851 0.5218529821102206 0.523338364094206 
0.9154687319093072 0.48549638299914577 0.5224525750308187 0.49765576965653513 0.5028398019866893 0.502195646650771 0.4921892842083342 0.5055778978414596 0.4875247746109451 0.521174136806401 0.5150472871124825 
0.8250385372257396 0.5254985890695227 0.4806548205543833 0.49312874275583185 0.4915873768644806 0.5422295659881642 0.49960203954808863 0.4784428076854857 0.5344562146108441 0.5340178984781897 0.48903951765243336 
0.07319068911224874 0.49757062085011167 0.5117492419028201 0.4638156404723503 0.4486986003895367 0.46225879442013057 0.5143264230178162 0.49339959270082123 0.5552815489963229 0.44783731191387033 0.49734768801056717 
0.7537741459800823 0.4955895327496697 0.5067688707257589 0.49690549003727086 0.5067018566302155 0.49985660204280946 0.5045663085603694 0.5010622029301219 0.4935549514980802 0.5053435874812764 0.5074330972744432 
0.8737619519464231 0.4871794321698004 0.48679017820465637 0.5004868813669353 0.5132477117399078 0.5025600106203901 0.4971746032125694 0.49495318581265835 0.4990709484575976 0.5139755095257061 0.5046580942899946 
0.04892403311963391 0.48333544247515076 0.5028058989959533 0.5025431703898098 0.4972705242215031 0.4916065982582153 0.4924284390879868 0.5019055498114015 0.4878560610153419 0.5023894393028728 0.519938414461651 
0.828347155702651 0.5101610495821977 0.43998465040355905 0.5340449249638292 0.5325604065382706 0.5042918653777091 0.4807930849863394 0.5217718718135242 0.48722704393170746 0.5102025497273567 0.5123892394059967 
0.2060620459024429 0.49545950471789674 0.49434269612843346 0.5022683294521426 0.49809330165597143 0.5030677382463028 0.5000861748519368 0.5004658428629595 0.5045784388892782 0.5025687522265636 0.5056644641632932 
0.8388328068575687 0.49591771460777745 0.5282241550701423 0.5005010824357935 0.505489361695696 0.505598042536626 0.5094267464949804 0.4916980958419403 0.5202569449605565 0.5228049055475971 0.5049977272113674 
0.7863176266711046 0.4926461727421013 0.4977617656328962 0.4962694217787401 0.5089793324562698 0.5027780245843471 0.4950930378024332 0.49869591949946324 0.49594670959829595 0.5058200096647212 0.5052810233744527 
0.19519019175730795 0.4959662685814439 0.49547316598885244 0.5013966962789014 0.49844255441829466 0.504748519562863 0.5000474941430518 0.49959482432553326 0.5053095784191955 0.5030625545978574 0.5041475545636042 
0.2476882587468631 0.4975800335299204 0.4975256965789189 0.5023203035059435 0.500242874006109 0.5017617424260354 0.49873478205707605 0.5011832350125821 0.5039096528062827 0.5062261634576313 0.5068636189513972 
0.7359313400291612 0.4952945194220523 0.4978399794331446 0.4976291726386046 0.5027249733313296 0.4993668807034155 0.5005496585075664 0.49729300469110194 0.5004400201606478 0.5046506032351427 0.5098387268746104 
0.23749656685272585 0.4908765523232761 0.49699098340059594 0.5046070183510193 0.5027788612011738 0.4980270860231393 0.5009154263187136 0.499472418313791 0.5031051094437206 0.5018806154019517 0.5047643871178896 
0.18442962712289884 0.4899451062649056 0.4967782096501344 0.5037344343738801 0.49601095463179534 0.4948372214814437 0.49996581868086093 0.4987036681055382 0.5010162039157797 0.5005149835481546 0.5118198612369828 
0.2271196730745934 0.49347661712950697 0.5037430797274872 0.5023564923290201 0.5000008118743836 0.5016344205025438 0.49679885039801575 0.5027440023635661 0.49819351580188415 0.5029802843181348 0.5066068216028815 
0.8508433785615236 0.4907640916056359 0.511291510662484 0.4993677847730663 0.5062393612767954 0.4992361415467085 0.49402124214436455 0.5020005522346539 0.4979503179366521 0.5171793088172839 0.5104613205593321 
0.2777375947361888 0.4985134738669075 0.5042427414606814 0.5006591647169546 0.4999150030017595 0.5031035175172673 0.49849983374853996 0.5029242335581213 0.5060297479963243 0.502580165964598 0.5017783089102409 
0.8077051198419709 0.49423242789093413 0.49605704203912393 0.4948336732181483 0.499068857348718 0.498924507295207 0.5035058455922073 0.4926948658630081 0.503613030901447 0.49954739381734337 0.5115243220067185 
0.7658877559575077 0.49506134508285454 0.5001185402014203 0.4966494921887908 0.5011419449807628 0.49899393750670124 0.5016390489980624 0.4966899125686029 0.5002976605402077 0.5031930369004033 0.5101273094686586 
0.7263395579390995 0.49163068066212534 0.501460894349516 0.49386233585756395 0.5012837783665287 0.5001165699005901 0.49613294874708297 0.4994455727184715 0.5027245679370997 0.504028557917749 0.5046825662845048 
0.6440868180784185 0.4953580952119517 0.5028808469326256 0.4981251280172063 0.4987823321434612 0.5031089610521816 0.49717871744596065 0.498886384926361 0.49842737816761157 0.5017294690659996 0.5048400013602241 
0.7452376906340372 0.5316760609658795 0.51114503794716 0.495358586170503 0.5231792269598321 0.46873720006188163 0.49517913473692016 0.5242086517241481 0.493435969776605 0.4827177770727762 0.5161426251580258 
0.6890391076423409 0.5088715316342639 0.5492104811511676 0.49073428573796407 0.4863728046829681 0.5120701265866833 0.4886059316036503 0.507599294112339 0.5106850373891331 0.5032686652891278 0.4892935597055674 
0.2173075654509967 0.4967624354206058 0.49200770635668173 0.498588723551517 0.4984183368374258 0.5038822643683649 0.5031262582472978 0.5023079651268547 0.5023962820724073 0.4985665169304273 0.5061410630983264 
0.3165116076932751 0.4971537588843871 0.5018603247391598 0.4992669139746636 0.501577304595579 0.49597197536458365 0.5005999320411411 0.5018942577659948 0.5053197745368516 0.49697558110951034 0.5039755159890851 
0.2578126566243856 0.4959119967786877 0.5023988472858517 0.5030019364340669 0.5014503683061693 0.5012265362073621 0.49729986240412233 0.5022023123267297 0.5015798884110114 0.5057848308107457 0.5071791256654427 
0.7169628436014438 0.4941476483174674 0.5044308856358226 0.4962203059892215 0.49716826243879547 0.49972125994563693 0.49821608486428876 0.4995488425282373 0.5022870190868868 0.501477121863106 0.5050364590299001 
0.26938667228391266 0.4599815719277114 0.5144818111360215 0.4926537045448183 0.4721565806916775 0.5081255664872882 0.47503518590342486 0.4956163357721204 0.49618376308923434 0.5039002326439108 0.48912232001589495 
0.6710173242883711 0.4981549316690602 0.49521968217085877 0.5015370917699209 0.5045170292408397 0.5032485932933854 0.4985104423814413 0.5005182346050207 0.5001590977593798 0.5019741117497937 0.5036191386112979 
0.6620051045028452 0.4972513761348551 0.4971876506397382 0.5009579177199255 0.503817781553586 0.5026799835811997 0.4985031304667949 0.5004634580778731 0.5001748613653876 0.5028049573437435 0.5044759190828929 
0.7760083913052953 0.49408088420595964 0.5010018187746998 0.5019349474289647 0.5070358915279626 0.505155476843846 0.4987682828038242 0.4978748216234173 0.5031316053925914 0.5111882045773305 0.5044539426531752 
0.7076859366238754 0.4946427634525429 0.5028715457504416 0.4970210751457827 0.49830975562301 0.5001975301807327 0.4982919515581141 0.4996135799692297 0.5019259669831123 0.5017320629005583 0.5049746834644697 
0.6802757814569255 0.4960753855394788 0.49872364617708975 0.4990589087079013 0.5018653231358791 0.5019398619914396 0.49876292517745513 0.49892357467528053 0.49987374916258714 0.5030744331504854 0.506127713258029 
0.2876091568352275 0.4978421890501014 0.5057947414290865 0.4980187375896848 0.5027944273433209 0.4973439977746544 0.5022310251318871 0.5043820541736601 0.5012310397597396 0.4957136082338283 0.5030972304038897 
0.6351873367762222 0.49596969308624267 0.4990257811697797 0.49779042399926876 0.5012560063823441 0.49989776852707535 0.5006429486364291 0.4995550196887608 0.5006712056785413 0.5025162357114187 0.5071696020682936 
0.30695875473175976 0.4985326218304916 0.503272755688546 0.4979052322058204 0.5030371872897204 0.5015919384528135 0.5037460909583001 0.5038242885582737 0.4971392023544751 0.4961376765106055 0.5061963360409778 
0.599787402554924 0.49536209925257674 0.5009901958627251 0.5016424361383829 0.4990005841086572 0.5014118273051831 0.4991797369251723 0.5000845596483171 0.5018608090795798 0.5005893026792314 0.5044786311836454 
0.29727839185466187 0.49723478458621323 0.4998015150910201 0.4983822495771648 0.4998557231443051 0.49942522724244215 0.5015575748330876 0.5019045285139347 0.5028849380438711 0.4985326049158614 0.5056324493015879 
0.32590960136888153 0.4970147717330291 0.5011328300942808 0.5000877139992823 0.5015033646899629 0.4973577742000528 0.4996599957682918 0.5017933952507554 0.5049287522331241 0.4989217115098149 0.5042941484528601 
0.3536669507614761 0.49596661425832667 0.5007993348457795 0.49818603429561475 0.5017565001891217 0.5018750021422461 0.5003720929702259 0.5026868386282283 0.49843355542435047 0.4994068974984298 0.5044538880938143 
0.3351940968184396 0.49963010440462324 0.501785515110979 0.4972325019105531 0.5019218452121946 0.49912178482042574 0.5025876953466295 0.5025330477236105 0.5032776745625676 0.49822708235179364 0.5058901542454322 
0.6530502903680494 0.4973968286283114 0.5010203894994713 0.49931364183009325 0.5027610324771806 0.5016293582424194 0.49877523124253414 0.5009750277068445 0.5011326478103593 0.5037414944473306 0.5052351768133736 
0.6983790096723985 0.4976554539021596 0.49503000917284273 0.5030391850433146 0.5044135433867928 0.5005527242176424 0.4956135013379808 0.504106958551251 0.49926978030054175 0.5043926622586041 0.5071888757767055 
0.36279929974385755 0.49831448028254804 0.4992357304534879 0.4998759964036757 0.500633293707518 0.49957619934483405 0.4999894123983792 0.5011659394575141 0.5038498568410273 0.5010852657234017 0.505436649273613 
0.6174510934162222 0.49838380479991723 0.5003704203396646 0.49966911880555415 0.5021405088563202 0.5008328623636831 0.5003990285620271 0.5007426526575025 0.5012078691889016 0.5029157748256393 0.5059546268890652 
0.6086089647786587 0.4964520129817782 0.5018531453563149 0.49952139674118934 0.5008121342002178 0.5026247941203709 0.49773363914555496 0.5005273227057205 0.5008529441254728 0.5047807051731354 0.5049068254149315 
0.38095255215243173 0.49662520277718203 0.5017788743064496 0.4994975072898035 0.5010438142165888 0.49955527816291995 0.49966461441921983 0.5018655203320023 0.5011959525597002 0.5002629635836312 0.5051496302571061 
0.3444329260320983 0.49627939881694866 0.5001298091229665 0.4982423195775494 0.5013705434082203 0.5017052846341329 0.5007068012412116 0.5025469170418049 0.4993881689346945 0.4993743843204367 0.5046944115618947 
0.6263013688246122 0.4963670258466022 0.5039991550609131 0.498395231139596 0.5012857879096627 0.5024657857302817 0.4980323215362251 0.5003513500440293 0.5007252954685009 0.5041525624885803 0.5049846611793753 
0.5647836274995767 0.4967796222676195 0.5009420939271219 0.49931444193984237 0.5006297932684263 0.500582688600508 0.49992714968972174 0.5007442415640494 0.5013691425383625 0.5000763124301517 0.5044534288437367 
0.5910066291618999 0.4965916856329642 0.5006410803638771 0.5005169709999711 0.4994743659492967 0.5015532290936227 0.49975709240422517 0.49996759271912505 0.5018347884405647 0.5023558486955859 0.5056413124620843 
0.5735081863425245 0.49812022952242435 0.5002309751403958 0.4989896699973472 0.5004054753471981 0.5030403766894408 0.4992396767764863 0.4990754456246687 0.5017555842199665 0.5026448598306591 0.5045095852589992 
0.3989179971280663 0.4957761990952235 0.5008443609770027 0.49957195737309346 0.500145019634634 0.5010603544725062 0.49865686152832633 0.5006999215635293 0.500066549021601 0.5004406164482728 0.504095180307588 
0.3899835367028757 0.49748062951666283 0.500625573420873 0.49842877804296243 0.5006866423145977 0.5008120473977918 0.49986727613446197 0.5019556876230266 0.50093884267915 0.5009345200836678 0.5054804044122108 
0.5560780800886229 0.49701058312780777 0.5006699569205917 0.49815345459951954 0.5014424021021276 0.5004847904520201 0.5002320326664424 0.5005104473691386 0.5008291803593186 0.5002308992075769 0.5047458980094137 
0.5387196837381379 0.4991039195606645 0.5019481386334352 0.49740473273958286 0.49990583310468734 0.5013279678073888 0.49965506771163753 0.5008824476700717 0.5002306190165032 0.5021942531041939 0.505280468161358 
0.371900111821523 0.4965429574461665 0.5004829513653739 0.4989194537209577 0.5017284693685492 0.49948424355430787 0.5003447150990847 0.502072926750127 0.4997579357501887 0.5007680321036059 0.505992659922708 
0.5213939300584132 0.49830273785031953 0.5003875246936312 0.49895854277476254 0.5014732318871565 0.500669987235475 0.4995110370635251 0.5013297168795109 0.5003459031557208 0.5018595794194451 0.5058551350829849 
0.5473955933305326 0.49785385352412787 0.503156786495141 0.4984879074627348 0.5001136500725005 0.5017405726966426 0.497813194189662 0.5014695515364631 0.5008379929512908 0.5028253555851049 0.5048739212857645 
0.4255620060083423 0.4967279263673155 0.5005384790134847 0.4986855416604499 0.5004038457700137 0.4996319323283101 0.49921999497104425 0.5008438297963279 0.5028230756678636 0.5012206089397453 0.5054778715383195 
0.40782777009759286 0.4989822162622505 0.49963864995345025 0.498636335115958 0.5013541615807063 0.49948311327052497 0.5007654435589108 0.5013669356715813 0.5014801547081059 0.5008826744398694 0.5063993202115927 
0.41669706176180454 0.4977190855662579 0.5014626268986234 0.49792430925189124 0.5014403374209222 0.5003418009467792 0.5000526227372175 0.5019628161824609 0.5010176932555992 0.5006233782865778 0.5052422991050609 
0.5127344799926675 0.49778282412070596 0.5009849008759286 0.49897378113829804 0.5019843879079298 0.5005998194124834 0.49939133709665834 0.5011934016438835 0.501504959516185 0.5030302026907227 0.5055719419246246 
0.44313870453504395 0.49696331247621234 0.5003851761703011 0.4991770972624097 0.5016396305575733 0.5000639418431606 0.49923562991035264 0.5013694331730487 0.5010010562165265 0.5013422190860092 0.5058340660944145 
0.5822462236010464 0.4978213694200517 0.503098278552524 0.4975490752578802 0.5017751193572073 0.5010340477300674 0.49912611505491283 0.500941390615149 0.5017477625163953 0.5029048880661342 0.5050397305980562 
0.45188199420523883 0.49696795144002015 0.4999555293632958 0.49900656444861213 0.5014416299630498 0.4998422398259126 0.5000852095951233 0.5012368206784213 0.5015514677923534 0.5007098135464596 0.5057005458561037 
0.46061698910629556 0.4970813345209772 0.5009944155087313 0.4988263053252884 0.5015348426606381 0.5001012109611636 0.49951856720453586 0.5013345420369901 0.5011237353521268 0.5015653290764633 0.5054641955220931 
0.5300529368644649 0.498209632511808 0.5011345851222562 0.498555460840885 0.5009100813593719 0.5006291813312937 0.4994140516129798 0.5009020727324555 0.5013252904619891 0.5024938476060926 0.5057220140470643 
0.4693177034452102 0.4970627683329172 0.5009289873880411 0.49920242913397866 0.5019945746821507 0.5006302573425743 0.4991449252070486 0.5014519936508719 0.5008262418106046 0.5018724836071077 0.5054084296673186 
0.4343565064621174 0.49657745616264093 0.5008617194270755 0.49934069188642327 0.5018089154390145 0.5006549785960951 0.49916333837132315 0.5016627705879942 0.5004667498232749 0.5015419238860712 0.5055243928007846 
0.49538330727186813 0.49766484513213005 0.5007499158140258 0.49869658184425103 0.5021306471802812 0.5005319940023484 0.4992922545276361 0.5015634929007168 0.5008518761169306 0.5022494688759573 0.5056353658414544 
0.5040523170576533 0.49654382136500297 0.5006816762423539 0.49881990045610347 0.5013727748625878 0.5009986375237614 0.49876693400250444 0.5008388905956269 0.5009837348533634 0.5025855203760343 0.5052810361185078 
0.48669804484398077 0.49776499586293627 0.5010465675870719 0.49833778928242006 0.5017224038517732 0.5002955528685381 0.4996653262512267 0.5014490823306654 0.5012623642958197 0.5018650309477641 0.5055825958729706 
0.4780056047537516 0.496727008001263 0.5008267541884518 0.4992549918054529 0.5021754797550326 0.5005171006829366 0.49925118276653696 0.5014349199132653 0.500329100319541 0.5021408603498121 0.505687035281623 
