0.2532124027362606 0.09465556202965811 2.11870029119503 2.7999997992020407 3.499999910180345 4.20000009956338 
0.2140144287813129 0.15437204489227246 2.101653303929506 2.8000002947755434 3.50000054962246 4.199999315913105 
0.03258430648883693 0.011928493223671996 2.0999995091943613 2.799999946434392 3.5000000102677493 4.199999892419216 
0.06934648275410067 0.026531614313686072 2.100000298983533 2.7999999804387947 3.500000087647187 4.199999844460212 
0.04242525171300232 0.021679536495896535 2.1000000879663046 2.799999931309626 3.499999920197762 4.199999991094802 
1.3474079648488055E-7 1.867137896582981E-8 2.1000000701850743 2.7999998855335884 3.5000000713479467 4.199999778000132 
1.3168088212628398E-7 6.369446150627084E-5 2.0999997484899033 2.7999998421520758 3.5000000500984685 4.1999998374948015 
6.824686402048786E-5 1.0910112056527864E-7 2.100000423018455 2.7999999459029072 3.499999971260332 4.199999911481897 
0.031048058592843906 0.01660302269594648 2.099999755026622 2.7999998805631163 3.5000000418671187 4.199999863903247 
1.2421250559178842E-8 4.3071565829810334E-4 2.1000000632684914 2.799999864146443 3.5000000415646477 4.19999982254746 
0.045718755451155425 3.7606672976393435E-9 2.099999544043035 2.800000070005912 3.500000013961624 4.199999975968361 
4.050757376732812E-10 4.573587649980785E-7 2.099999771815818 2.800000024894743 3.499999984829415 4.199999856782709 
0.03235770672114156 1.7086581583873087E-10 2.099999776545951 2.8000000789167183 3.500000003714051 4.199999959765924 
1.1102091521079265E-8 6.50743837087384E-4 2.1000000421669696 2.799999859220572 3.5000000414084855 4.19999990518413 
0.002972768725477554 9.968470218597695E-10 2.099999969682069 2.799999979341097 3.4999999422871837 4.199999947959348 
2.7493077912823195E-9 7.103604713567552E-7 2.0999999412264603 2.7999998916428646 3.5000000385470185 4.199999560857592 
4.957765848087455E-9 7.98239798490255E-10 2.100000031223007 2.8000000431697494 3.499999956920329 4.200000043075992 
1.7617520273305846E-8 2.850449272213668E-9 2.100000069815836 2.7999999775730666 3.4999999928021412 4.199999857092119 
0.01781102208373173 0.0066504939001464525 2.09999982198605 2.799999884425164 3.500000049575966 4.1999998521792845 
0.026304987349699296 0.009927282510106071 2.099999866040121 2.7999999080998603 3.5000000535610143 4.199999876656881 
3.226035681390916E-9 1.7761517203899087E-7 2.0999998095352947 2.799999936399932 3.500000013483817 4.1999998224388015 
0.01606933262312728 9.695168817166336E-9 2.0999999743667015 2.8000000341173883 3.500000033766243 4.199999957306362 
2.753105970425142E-9 1.8683077483232135E-8 2.0999998776653714 2.799999920428904 3.500000009255709 4.1999998104062835 
7.765114583439186E-8 1.9396769643890102E-11 2.0999999488587164 2.7999999146162766 3.5000000131338185 4.199999720997126 
0.012297554928156183 4.1861482096953305E-10 2.0999999657724104 2.799999984461092 3.500000038134873 4.199999901545773 
0.0204855254147038 0.0032496667212343474 2.0999999491651593 2.8000000233655236 3.4999999955001924 4.1999999140196005 
0.0034029424913243666 1.3610410706652833E-11 2.099999900964995 2.7999998621218607 3.500000044629839 4.199999749764584 
0.004639345743983024 6.371977492405733E-4 2.0999998057914206 2.799999991444657 3.500000038503805 4.1999997839787655 
0.00758681187996235 1.5681299849831907E-10 2.0999999453089764 2.7999999721278486 3.4999999840894467 4.199999956981307 
0.0027324734623899644 3.398026160712631E-8 2.0999998791128727 2.7999998427319803 3.500000063931587 4.1999997312176705 
0.011975021457764959 0.0033007891181210053 2.100000063079911 2.799999979841647 3.5000000293774804 4.199999880261289 
0.023157249227832948 0.007680481275228137 2.099999914782198 2.799999937859346 3.5000000193142835 4.199999877864974 
5.5539142029722853E-11 2.2634586964543873E-4 2.099999843676601 2.799999936951962 3.500000020842957 4.199999872714909 
0.015906497378243588 0.005099107191875722 2.099999908965169 2.799999979998709 3.500000012139855 4.199999905514068 
7.65517996972195E-10 2.0900874577686957E-5 2.099999883660324 2.7999999161614055 3.5000000085905274 4.199999707813735 
0.0036079788104830006 3.143807241913463E-10 2.1000000087870103 2.7999998502868184 3.500000014682377 4.199999753901932 
7.162039897587001E-10 0.00130753011506641 2.099999868988757 2.7999998243628945 3.5000001050869267 4.19999981580451 
1.255321425014789E-9 1.026663195414491E-4 2.099999779903005 2.7999998984656225 3.500000008812577 4.199999867786785 
0.0023264658060988944 1.4164289252667714E-12 2.099999767159273 2.7999998614641934 3.50000005481589 4.1999997682003185 
9.036357686878607E-4 1.0536586300839941E-10 2.099999834972604 2.799999922595495 3.4999999856368964 4.19999970340347 
0.003184302360286906 8.065414393212547E-8 2.1000000542650707 2.7999999212180144 3.5000000259860005 4.19999986477447 
0.010587414355883666 0.0020752472769192593 2.0999997652460745 2.79999998609636 3.500000043200637 4.199999801613256 
7.447182303644343E-10 1.5009220624566788E-10 2.099999931946057 2.799999925726706 3.4999999832195177 4.199999701806886 
0.003641093911528725 5.004105954448281E-4 2.0999998675671026 2.7999999721262654 3.5000000371084714 4.199999754831785 
0.007304613878240286 0.0018958110734597108 2.1000000145098117 2.799999855151405 3.5000000602219012 4.1999998320892615 
4.872909512197892E-10 1.0266219121258161E-10 2.099999961133909 2.7999999414791414 3.5000000277099863 4.199999648946776 
1.1082932334094476E-9 3.49857233541113E-8 2.0999999022416778 2.8000000097219426 3.499999967884939 4.1999998652687 
2.379569787341279E-4 3.219397490106268E-11 2.0999998785303764 2.79999991864205 3.499999984748268 4.199999694675312 
0.001430743003531576 0.002303088854770724 2.0999997816200944 2.800000032121283 3.5000001009546584 4.199999715629824 
0.0088089501925948 6.45548085214158E-4 2.0999997482081385 2.799999935042148 3.50000000749519 4.199999806884598 
0.00844358832935638 1.0026349432896604E-10 2.0999998577772914 2.7999999904421258 3.4999999978263863 4.199999924757407 
0.0038434754255549587 0.0019170789240514979 2.099999868488385 2.799999988074313 3.5000000353310057 4.1999997835646745 
4.6770644169759936E-4 6.729316022615625E-8 2.099999947335135 2.799999935371623 3.4999999841837366 4.199999755967207 
0.011282224644126586 1.2551352519390251E-11 2.0999999463814776 2.799999971050866 3.5000000319760387 4.199999915241901 
5.326861311749316E-10 1.3616971581645252E-10 2.099999922874689 2.799999932148528 3.49999999974603 4.199999726919691 
0.004746314621036962 6.151036561749694E-11 2.0999998554427233 2.799999954123687 3.499999999527659 4.199999841785716 
4.68486383133401E-11 3.0598417063755934E-5 2.099999858507382 2.7999999235027517 3.5000000041671893 4.199999698835643 
2.1956601750145886E-4 1.0194842064374136E-10 2.099999920056483 2.7999998996064925 3.5000000195182857 4.199999831540019 
4.3546245200126384E-10 0.002957446031687379 2.0999998591759326 2.8000000785565677 3.5000001060430135 4.199999780769441 
3.3736175133812875E-4 4.548692447077798E-11 2.09999982011293 2.7999999145845056 3.499999990054448 4.199999733004651 
0.0023722109915398403 4.536732917966732E-11 2.099999890465996 2.799999886544887 3.500000047695764 4.199999812335069 
2.1799696906865772E-10 4.719327011377049E-6 2.099999864411907 2.7999999137465355 3.5000000148961705 4.1999997090223635 
5.837832799429421E-4 2.1712447422263622E-8 2.0999998261141055 2.7999999111980642 3.499999995220769 4.199999717144345 
1.748183531785018E-12 4.213162209492415E-13 2.099999862949173 2.799999954309098 3.4999999894848823 4.1999997373566105 
2.0122303714576573E-4 0.0014762673194550267 2.0999998824475057 2.7999999676334206 3.500000038039365 4.199999883665975 
8.082194584184954E-9 2.903401852215651E-6 2.0999998667235316 2.7999999144074326 3.50000001193638 4.199999709503556 
2.92028992505744E-4 2.659084392903993E-6 2.0999998927066543 2.7999999195810292 3.4999999900990257 4.199999728051973 
4.576723829658049E-8 4.519733465843571E-5 2.099999838711935 2.799999885364313 3.5000000260340856 4.199999852843587 
3.501031129394972E-4 1.9544312379209345E-12 2.0999999336085104 2.799999906598994 3.5000000171416246 4.199999822843889 
1.8571227968775506E-6 9.24227676343062E-6 2.0999998471785437 2.8000000621993473 3.499999907367285 4.199999851016866 
5.825661168108901E-5 1.3138126334186648E-5 2.0999998486908984 2.8000000588631444 3.4999999101073693 4.199999849701129 
5.751617020423065E-4 8.104923645316586E-6 2.099999847020569 2.8000000477477687 3.4999999181829233 4.199999847295942 
2.0061005644012072E-4 1.2583853773659537E-11 2.0999999078823173 2.799999913085203 3.5000000145185424 4.199999705394963 
1.5130834120630315E-11 7.642815791906009E-6 2.1000000033454578 2.800000034860108 3.4999999136391398 4.1999996654000125 
0.001086055581475959 5.584310887984865E-13 2.1000000075727696 2.799999889245094 3.4999999887942095 4.199999762558357 
6.841032346628402E-6 1.4958967090937597E-12 2.0999999213762255 2.799999874970258 3.500000020846639 4.19999974241448 
8.313606950793683E-5 1.307742778194669E-8 2.0999999102365496 2.7999999486682188 3.5000000010861747 4.199999699550365 
1.820478390888958E-4 4.112518023647637E-7 2.099999924826161 2.7999999332369385 3.499999998417031 4.199999731755862 
2.1764345927899285E-5 5.248668766635055E-6 2.0999999264795854 2.7999999302469805 3.5000000020676683 4.199999720759086 
9.62613542814481E-4 1.4394971009939553E-12 2.0999998071229204 2.799999939188131 3.499999995891332 4.199999697218258 
2.0791140619919397E-5 1.4502834620133243E-12 2.09999995345729 2.799999873499674 3.500000027147423 4.1999997597611065 
0.0015653579648097179 8.703794878094833E-9 2.0999998473562704 2.7999998786459557 3.500000041010315 4.199999759433675 
4.128813810939522E-5 1.9070640705108994E-14 2.0999998803259796 2.7999999374036557 3.500000041150349 4.199999739179878 
5.604108912790344E-4 1.323454115720125E-4 2.0999998388882637 2.7999999392707227 3.500000002208679 4.199999800240476 
1.828794735412934E-12 1.2364946862998971E-5 2.0999997977298075 2.799999922757359 3.5000000032995393 4.199999712936277 
7.19909832492941E-7 4.820561328192332E-18 2.0999998970281992 2.799999920114866 3.5000000542561276 4.199999714049083 
6.977180049974384E-4 3.2879571884008514E-5 2.099999959207256 2.7999999225203673 3.500000017565176 4.199999733006895 
1.962133882701835E-4 1.098967018194309E-12 2.09999990641953 2.7999999101047313 3.5000000153036743 4.199999696467523 
8.410261715752523E-5 1.3152513939869855E-14 2.0999998153548596 2.799999893977061 3.4999999949895817 4.199999649716205 
0.002389758047683749 3.294812462640325E-5 2.100000021350698 2.7999998809699504 3.5000000387041705 4.199999754379523 
4.410678486360291E-6 3.2771564493584507E-9 2.099999925750854 2.7999998739917173 3.500000022311171 4.199999745842143 
4.7643727403834753E-4 1.0272614123634787E-13 2.0999998057860325 2.7999999363791472 3.4999999781769158 4.199999984918585 
2.0745849096222136E-4 6.061960367912485E-16 2.0999998968160103 2.7999999459255713 3.500000002304996 4.199999687873809 
8.120974684826485E-4 1.8861200118165786E-4 2.0999999207735898 2.799999926588891 3.500000001407959 4.199999766550528 
0.002122431291973997 1.8824401480451323E-4 2.099999986291942 2.7999998847098495 3.500000039368491 4.199999755250873 
9.9748457583725E-4 4.383044750333882E-4 2.099999871094985 2.799999890857145 3.500000028532599 4.199999779955022 
5.13388272688923E-5 6.254439702186355E-5 2.0999999431015204 2.7999999285633157 3.5000000123024098 4.199999776019021 
4.331470861211708E-4 2.2627814956189868E-14 2.099999997264554 2.799999949852946 3.5000000047082267 4.199999730647206 
3.182073961494926E-4 2.7924675895963042E-15 2.0999999824912683 2.7999999366067603 3.500000008038594 4.199999730165528 
2.900127275238099E-4 2.4400270885233597E-15 2.0999999771603974 2.7999999362109262 3.500000007214217 4.1999997298927045 
