0.0 0.5017233181161203 
0.502123363384765 0.0 
0.08902266155103097 0.4118775221749738 
0.2937051236133203 0.20871268472475296 
0.18048599416300348 0.3203371389566172 
0.43635529716391636 0.06531762129282463 
0.455943913242138 0.04541633990011942 
0.3630079721716219 0.13779784240957324 
0.3052280476796525 0.19644831471115978 
0.4944762997698339 0.00832755645114473 
0.1360154979410012 0.36579216620958704 
0.22537864078488107 0.27680116934782645 
0.486231498537201 0.014625952662486272 
0.16304743062425497 0.33867334933764515 
0.4454933852801646 0.0566204040171221 
0.2726373119727333 0.22808434052746857 
0.009512640675712253 0.4912082034979728 
0.12112977846455308 0.38064465786789375 
0.11408291551996384 0.38672646644295466 
0.17313713963056213 0.32888158738982987 
0.2328290046613315 0.26803435898697536 
0.20012724466849938 0.30168434121982335 
0.08081256385795482 0.4209066634695687 
0.015912535419544932 0.48585146460641615 
0.25383939719227894 0.24735782698502834 
0.4483038134434695 0.05350752415768466 
0.05398032004981091 0.44766994492162027 
0.19512400325727527 0.3077812463840298 
0.09939079885818086 0.40284859675210094 
0.2631416229585489 0.2390123629069895 
0.03712963377355545 0.463730128711828 
0.2647165687403473 0.23715693542186136 
0.21079272311324856 0.2899674790334949 
0.432053881260559 0.07113349623426979 
0.004171072038479992 0.49759274986640767 
0.48119668715244757 0.019621176595611783 
0.16950908913638885 0.33253397574417476 
0.3683737059996723 0.13243126986495996 
0.14234782795772996 0.35849669229515513 
0.42588839143305013 0.07495357465091414 
0.4762603511874923 0.02457930373516517 
0.37305967379028704 0.1279727663955904 
0.12977158931775717 0.37107444681241825 
0.41740917129363825 0.0857807568443983 
0.42101555363177173 0.07976632673134929 
0.28031001473703004 0.22046364679252164 
0.21566006540361182 0.28522683241770536 
0.33093091862211466 0.16997358805508708 
0.0608350183037933 0.440065184182094 
0.12621332158556375 0.3755303563091751 
0.2203090121232747 0.2805089195511159 
0.2860440550309449 0.21551217851113227 
0.14924512647538293 0.35179047196273205 
0.02883665434127952 0.47194235646875743 
0.1866670621682853 0.314231926338729 
0.04193621060593921 0.4589587278544659 
0.33683471808071347 0.16410955439256653 
0.15686906616978127 0.3439515812680013 
0.46650734579418995 0.03444153155197307 
0.03208172525344782 0.46969455999251014 
0.046206099356521785 0.45593072814206714 
0.022911306588439786 0.4780875400187189 
0.3174061274296928 0.18499423294197545 
0.05054324039108333 0.45118008870736304 
0.1097487296278325 0.3924402985230016 
0.3444310332018175 0.15780124706539397 
0.06389433141529235 0.4392930460795364 
0.06911917314868782 0.4327314716349974 
0.15436452761431668 0.3465352283980014 
0.40139501108392767 0.09950061597236888 
0.27598562732585874 0.2247360251743431 
0.4118673666292295 0.08994141028390747 
0.0744081124468999 0.4265033565138516 
0.23962913866738125 0.26119034760874554 
0.18899276894678177 0.3118382854170328 
0.38867012630381437 0.11215721278986421 
0.35102046016660554 0.15085378782557848 
0.2896888322515516 0.21174770238458288 
0.4050703569610832 0.09786885177535787 
0.39648303746572444 0.10471141698806562 
0.38236179996142644 0.11841776339168848 
0.3398882893212854 0.16093914310866525 
0.24359030162741546 0.257302917858649 
0.23609721252067117 0.2647250229227939 
0.14540188086355874 0.35539659441216187 
0.46133338450253547 0.03952777115966632 
0.35520607132981785 0.14557294232607598 
0.10358424560258665 0.3972947403386906 
0.2516602808004006 0.2492432545352606 
0.3789375799623087 0.12341946958278993 
0.4993722572230624 0.0024049182466125557 
0.3106096479992627 0.1904079816849008 
0.32274411440504075 0.1789604829023985 
0.32274411440504075 0.1789604829023985 
0.07852017476935583 0.42335281931260815 
0.35520607132981785 0.14557294232607598 
0.3320275708772447 0.16973751355719055 
0.20562976450836853 0.29620358747226055 
0.07054414989762339 0.4303746460373998 
0.31948897699983275 0.1829113833718355 
