-0.5775971240798101 -0.5772793677508421 -0.5773206639170676 
-0.004624963538258364 -0.004445089357462129 -0.004042121347045596 
0.5776757313904735 0.5774060574101646 0.5771419032667389 
-0.10023866916044133 -0.09663323851901423 -0.10101761150065702 
0.07359494661778462 0.07576551994268291 0.07322751503349936 
0.03626096134709051 0.033339072649449804 0.03497638797257946 
-0.06842564027012843 -0.06641461038111542 -0.0674485105369653 
-0.05616058620330036 -0.06128639847488279 -0.0611027255793383 
0.09784091207454026 0.09968177228698683 0.0965471121130797 
0.04404458325153715 0.04215728442339073 0.041918217611342734 
-0.30116322971020404 -0.29824413395026445 -0.30114435210729995 
-0.19142267956069214 -0.19077747287016422 -0.19251560021980674 
0.1708536478319172 0.17336116375355656 0.17349869229726037 
-0.0915528353396785 -0.09176152947879551 -0.09054935338987391 
0.10558316550878902 0.10674051671859341 0.10578651742249998 
-0.5175323858681676 -0.5166742060031779 -0.5152618924703207 
-0.31212005685676225 -0.31070002260934015 -0.3117691879314347 
0.05667929516071202 0.06067722074876505 0.057911431643863545 
0.026747796858848982 0.02722639383707237 0.027068804924692103 
0.18116771855427766 0.18208350375845153 0.18048967496629909 
0.338814516885629 0.3342959658028605 0.3386303366271985 
0.20193615296599382 0.19186692118108956 0.20284380574729788 
-0.3243808085027678 -0.32143863148573215 -0.3238338025394154 
-0.2549411703360317 -0.25778906153484504 -0.260701239963064 
0.1644450602571577 0.16458736564436574 0.1629393052861305 
-0.07307276159208817 -0.07866566543118313 -0.07432570475809211 
0.14549644543096385 0.14747348365954185 0.14820718466021743 
-0.44106180823743824 -0.4386558643915045 -0.44039698526440474 
-0.16513849197317582 -0.16812140239107376 -0.16277760283154602 
-0.1554203273950286 -0.1570179784087684 -0.15800113437588473 
-0.2822199568455443 -0.2761809702821035 -0.2770061017095618 
0.010939122939878143 0.011906320530588876 0.011176383520181687 
0.05154890454497427 0.05019710944970696 0.04992833271685272 
-0.3368482897322521 -0.33295911920877075 -0.3361888044534741 
0.09030389081834524 0.08977461344128013 0.0900737249322828 
0.2843131929129934 0.2857826771951606 0.28142063597683953 
-0.17184523951656558 -0.17224542482442992 -0.1778711292671214 
0.5227784144564297 0.5241248526114106 0.5150354942143871 
-0.04342347599129925 -0.0436786200783142 -0.04409851276237765 
-0.05231772142233935 -0.05094023815566843 -0.05158275885183126 
-0.4599981469081615 -0.4601378678393859 -0.462102029561666 
-0.12281928424150351 -0.12378574684712863 -0.1240599124472373 
0.40143598085190657 0.3972537100417901 0.4022385617295905 
0.22614195088793043 0.22622885934868578 0.22556653631164514 
0.21769480334124958 0.21735191985220026 0.21531476751768008 
0.1341005815153277 0.12309951196308758 0.13415497161076917 
0.20497850756546546 0.2128387957475847 0.20552683209137262 
0.27282045653132236 0.27548181273973804 0.2731489714787899 
-0.4067695156186974 -0.4013286519307725 -0.40660937653847934 
0.49143727366114953 0.49093186982178016 0.4905441595773168 
-0.38899277437456997 -0.3874702959200715 -0.3916635891784 
-0.11579227229108574 -0.11545327554552176 -0.11502711519277697 
0.08132011813274104 0.08210909834825722 0.08290980855810348 
-0.2876198301830851 -0.28830426096179085 -0.2916022917237634 
0.1582545123132234 0.1547094635073567 0.15347985986329035 
-0.10719719254231064 -0.10733388046988318 -0.10746777059299856 
0.44780126947051774 0.4501584197582422 0.4473144113620913 
0.11527071904718608 0.1133860453671805 0.11371501640442253 
0.23545138581632774 0.23503720541754353 0.2354701367843664 
0.42976698752946496 0.42679490677229925 0.43645432484593444 
-0.029090348745846633 -0.026500569292758208 -0.028329604961094046 
-0.23494520650536174 -0.23787185872515482 -0.24134576798641183 
-0.08474052221191308 -0.0839405751190212 -0.08123012878618008 
-0.26476303293144804 -0.26796549900009814 -0.27136745148392105 
0.3198404546002703 0.31463108352974456 0.3106880550560849 
0.38711421591292605 0.3875523625182038 0.3845459321032335 
0.006940405259387994 -1.271339866573129E-4 0.0036289111116991624 
-0.2282660504929116 -0.22739213218100357 -0.22969923166612471 
0.13662917456858564 0.13828656896715305 0.14118432008374615 
-0.020278190930354878 -0.01983384298740702 -0.020191118701930702 
-0.14012714098518486 -0.13904755262558266 -0.14087954873480824 
-0.14823280087897261 -0.1516590786295896 -0.14530575743547247 
-0.035815553960062085 -0.034586601230209985 -0.037141345204270274 
-0.4850375363235614 -0.4841929423630451 -0.4861331679450587 
0.18990515843621514 0.19039762564482712 0.189705344770728 
0.41663474791787186 0.41462784926693824 0.4138793200090803 
-0.2096455693205332 -0.2087850369246781 -0.21070686831846713 
0.06555859145266046 0.0668184639706349 0.06652368562833233 
0.4679471904265652 0.4668859556605631 0.469089053986146 
-0.13208691229275438 -0.12980724063158855 -0.13338183654843594 
-0.3602738256273019 -0.36131558680816067 -0.3615227196551327 
0.2649952027100976 0.2617629632912233 0.2652295400285401 
0.12226572199421082 0.1229179539037549 0.12154870922883687 
0.2938561025302727 0.2943770875191968 0.29388488774249044 
0.33196532829092273 0.3219258432799553 0.3240427260606966 
-0.37380530586010174 -0.37521403428924976 -0.37538815283195914 
0.3039683479273641 0.30495632971391085 0.3042019223566618 
0.2584027404374872 0.25450586312101886 0.24997946163492585 
-0.19871157076203994 -0.19934583712412407 -0.2037567973361526 
0.3741516814806978 0.37266652484208873 0.3730005138681457 
-0.24867406267977238 -0.2462909638393673 -0.24855645033833212 
0.36186007890355976 0.35491385885177573 0.36555496123757514 
0.2378849335868792 0.24528732871539854 0.2510228925058692 
-0.1822595147278759 -0.1820076404582905 -0.18392075723698353 
-0.01374772187295515 -0.010546421327024776 -0.01241637727371301 
-0.3472141262499635 -0.34723991561973433 -0.3492226438840783 
0.348905595949139 0.3470690889664394 0.3503443842968511 
-0.4209726097380788 -0.421333680227511 -0.4225540897434185 
0.02120101157457957 0.016899338560966523 0.019420550660422434 
-0.2177723512705318 -0.2181989353457785 -0.2211026652064459 
